0 1
1 5
2 1
3 1
4 2
5 3
6 6
7 3
8 2
9 5
10 3
11 2
12 4
13 4
14 4
15 1
16 2
17 3
18 3
19 3
20 2
21 2
22 2
23 1
24 3
25 4
26 3
27 2
28 3
29 0
30 1
31 2
32 1
33 3
34 1
35 1
36 1
37 2
38 3
39 3
40 2
41 2
42 2
43 2
44 2
45 2
46 5
47 4
48 1
49 1
50 2
51 1
52 2
53 1
54 3
55 2
56 0
57 2
58 4
59 5
60 3
61 2
62 2
63 2
64 5
65 1
66 0
67 1
68 1
69 2
70 3
71 4
72 1
73 3
74 1
75 1
76 2
77 2
78 3
79 2
80 1
81 5
82 3
83 2
84 5
85 2
86 4
87 4
88 3
89 6
90 5
91 2
92 4
93 2
94 2
95 2
96 3
97 4
98 1
99 3
100 0
101 3
102 2
103 2
104 1
105 6
106 3
107 3
108 2
109 1
110 6
111 2
112 4
113 2
114 2
115 3
116 1
117 1
118 2
119 4
120 5
121 2
122 4
123 2
124 2
125 2
126 2
127 1
128 3
129 1
130 6
131 1
132 5
133 2
134 1
135 5
136 5
137 4
138 1
139 2
140 4
141 0
142 3
143 5
144 2
145 4
146 3
147 2
148 3
149 1
150 3
151 2
152 2
153 2
154 2
155 6
156 5
157 1
158 2
159 5
160 2
161 4
162 4
163 1
164 4
165 3
166 4
167 5
168 5
169 4
170 5
171 6
172 2
173 2
174 2
175 1
176 2
177 0
178 1
179 2
180 3
181 2
182 3
183 5
184 3
185 2
186 3
187 2
188 2
189 2
190 3
191 2
192 3
193 3
194 4
195 5
196 1
197 2
198 3
199 2
200 3
201 2
202 5
203 4
204 0
205 3
206 3
207 2
208 3
209 6
210 4
211 2
212 2
213 3
214 1
215 1
216 3
217 2
218 2
219 1
220 2
221 1
222 2
223 5
224 2
225 4
226 1
227 2
228 2
229 4
230 4
231 3
232 6
233 3
234 3
235 4
236 3
237 3
238 1
239 2
240 2
241 2
242 2
243 1
244 1
245 2
246 2
247 2
248 2
249 2
250 3
251 2
252 3
253 1
254 3
255 0
256 1
257 1
258 3
259 2
260 1
261 3
262 3
263 2
264 6
265 1
266 1
267 2
268 1
269 5
270 2
271 5
272 1
273 3
274 1
275 3
276 3
277 2
278 2
279 0
280 1
281 2
282 3
283 2
284 2
285 1
286 2
287 0
288 3
289 1
290 3
291 1
292 2
293 2
294 3
295 2
296 3
297 2
298 2
299 1
300 1
301 1
302 1
303 4
304 2
305 6
306 3
307 3
308 2
309 4
310 3
311 1
312 2
313 3
314 1
315 6
316 3
317 1
318 4
319 1
320 1
321 1
322 4
323 3
324 1
325 5
326 4
327 3
328 2
329 1
330 4
331 2
332 4
333 1
334 3
335 3
336 3
337 4
338 0
339 2
340 3
341 2
342 2
343 2
344 1
345 1
346 6
347 2
348 6
349 3
350 2
351 2
352 2
353 2
354 2
355 3
356 1
357 5
358 1
359 3
360 1
361 6
362 2
363 1
364 0
365 1
366 1
367 5
368 3
369 2
370 1
371 3
372 0
373 2
374 1
375 3
376 3
377 2
378 2
379 4
380 3
381 5
382 3
383 3
384 2
385 2
386 3
387 3
388 1
389 5
390 1
391 2
392 3
393 6
394 0
395 3
396 2
397 2
398 4
399 2
400 3
401 2
402 1
403 5
404 2
405 1
406 4
407 2
408 2
409 2
410 5
411 1
412 3
413 1
414 2
415 5
416 3
417 5
418 3
419 2
420 6
421 3
422 1
423 5
424 5
425 2
426 2
427 3
428 1
429 1
430 2
431 0
432 1
433 2
434 2
435 5
436 1
437 2
438 5
439 1
440 3
441 5
442 1
443 6
444 2
445 1
446 1
447 3
448 0
449 3
450 1
451 6
452 4
453 1
454 2
455 4
456 1
457 3
458 0
459 1
460 4
461 6
462 2
463 1
464 2
465 2
466 6
467 1
468 0
469 1
470 2
471 5
472 2
473 2
474 1
475 2
476 2
477 6
478 6
479 1
480 2
481 2
482 3
483 3
484 1
485 4
486 5
487 2
488 3
489 6
490 1
491 3
492 2
493 1
494 1
495 2
496 3
497 2
498 1
499 1
500 5
501 3
502 2
503 4
504 1
505 2
506 1
507 2
508 1
509 2
510 3
511 2
512 5
513 5
514 1
515 4
516 1
517 6
518 1
519 3
520 5
521 6
522 2
523 2
524 2
525 1
526 4
527 2
528 2
529 1
530 3
531 1
532 4
533 3
534 3
535 2
536 5
537 2
538 1
539 1
540 2
541 3
542 2
543 3
544 5
545 5
546 3
547 0
548 2
549 4
550 6
551 2
552 2
553 3
554 2
555 6
556 6
557 2
558 1
559 5
560 3
561 6
562 3
563 1
564 1
565 3
566 2
567 2
568 2
569 5
570 6
571 6
572 2
573 4
574 3
575 2
576 2
577 0
578 3
579 0
580 3
581 2
582 6
583 1
584 2
585 1
586 1
587 5
588 6
589 1
590 2
591 4
592 2
593 1
594 1
595 3
596 1
597 2
598 1
599 4
600 1
601 3
602 2
603 2
604 4
605 1
606 0
607 1
608 4
609 3
610 3
611 5
612 3
613 5
614 2
615 0
616 0
617 1
618 0
619 2
620 5
621 1
622 2
623 1
624 1
625 0
626 4
627 2
628 1
629 1
630 3
631 3
632 1
633 4
634 2
635 4
636 3
637 1
638 1
639 1
640 3
641 5
642 2
643 0
644 3
645 3
646 1
647 3
648 6
649 3
650 2
651 2
652 5
653 2
654 2
655 2
656 2
657 2
658 5
659 2
660 2
661 2
662 3
663 3
664 2
665 3
666 2
667 1
668 5
669 5
670 0
671 2
672 2
673 1
674 5
675 1
676 2
677 3
678 1
679 3
680 2
681 2
682 2
683 3
684 2
685 3
686 2
687 2
688 3
689 6
690 2
691 5
692 2
693 2
694 3
695 0
696 5
697 3
698 2
699 5
700 1
701 1
702 6
703 2
704 1
705 1
706 1
707 1
708 3
709 2
710 1
711 3
712 1
713 3
714 3
715 4
716 1
717 5
718 2
719 2
720 1
721 2
722 2
723 6
724 1
725 2
726 3
727 2
728 3
729 2
730 2
731 4
732 2
733 3
734 3
735 2
736 2
737 3
738 2
739 3
740 3
741 2
742 1
743 2
744 2
745 2
746 1
747 6
748 6
749 6
750 3
751 2
752 2
753 2
754 1
755 3
756 0
757 2
758 2
759 2
760 2
761 3
762 6
763 2
764 3
765 2
766 2
767 5
768 1
769 2
770 4
771 2
772 6
773 2
774 2
775 4
776 1
777 1
778 2
779 4
780 2
781 3
782 1
783 5
784 2
785 2
786 2
787 3
788 1
789 2
790 2
791 2
792 3
793 3
794 4
795 2
796 1
797 3
798 6
799 3
800 2
801 2
802 3
803 4
804 5
805 5
806 3
807 1
808 0
809 2
810 2
811 2
812 1
813 2
814 6
815 1
816 3
817 2
818 2
819 3
820 2
821 1
822 2
823 4
824 4
825 1
826 1
827 2
828 2
829 3
830 3
831 3
832 1
833 3
834 3
835 4
836 3
837 3
838 1
839 6
840 2
841 2
842 4
843 0
844 2
845 1
846 4
847 4
848 2
849 5
850 3
851 3
852 6
853 1
854 6
855 3
856 2
857 0
858 2
859 2
860 4
861 1
862 1
863 2
864 1
865 2
866 1
867 4
868 3
869 1
870 3
871 2
872 5
873 2
874 0
875 3
876 3
877 4
878 3
879 2
880 1
881 0
882 3
883 1
884 2
885 5
886 3
887 2
888 4
889 2
890 2
891 2
892 1
893 2
894 6
895 3
896 4
897 2
898 0
899 2
900 4
901 2
902 3
903 5
904 2
905 3
906 5
907 2
908 3
909 5
910 2
911 1
912 3
913 2
914 2
915 1
916 2
917 1
918 2
919 1
920 4
921 1
922 1
923 3
924 2
925 6
926 6
927 2
928 6
929 3
930 1
931 4
932 3
933 2
934 2
935 1
936 4
937 1
