0 0
1 1
2 0
3 0
4 1
5 0
6 0
7 0
8 0
9 0
10 1
11 1
12 0
13 0
14 1
15 0
16 0
17 1
18 0
19 1
20 0
21 0
22 1
23 1
24 0
25 0
26 1
27 0
28 0
29 0
30 0
31 1
32 0
33 1
34 1
35 1
36 0
37 1
38 0
39 0
40 0
41 0
42 1
43 0
44 0
45 1
46 0
47 0
48 1
49 0
50 0
51 1
52 0
53 0
54 0
55 0
56 0
57 0
58 0
59 0
60 0
61 1
62 0
63 0
64 1
65 0
66 0
67 0
68 0
69 0
70 0
71 1
72 0
73 0
74 0
75 0
76 0
77 0
78 1
79 1
80 0
81 0
82 0
83 0
84 0
85 0
86 0
87 1
88 1
89 0
90 0
91 0
92 0
93 0
94 0
95 1
96 0
97 1
98 0
99 0
100 0
101 0
102 0
103 0
104 0
105 0
106 0
107 0
108 0
109 0
110 0
111 0
112 0
113 0
114 0
115 0
116 0
117 0
118 0
119 1
120 0
121 1
122 1
123 0
124 0
125 1
126 0
127 1
128 1
129 0
130 1
131 0
132 0
133 0
134 0
135 0
136 0
137 0
138 0
139 1
140 0
141 0
142 0
143 0
144 0
145 0
146 1
147 0
148 1
149 1
150 1
151 1
152 0
153 0
154 0
155 0
156 0
157 1
158 0
159 0
160 0
161 0
162 0
163 1
164 0
165 0
166 0
167 1
168 1
169 1
170 0
171 0
172 1
173 1
174 0
175 0
176 0
177 0
178 1
179 0
180 0
181 0
182 0
183 1
184 1
185 0
186 0
187 0
188 0
189 0
190 0
191 0
192 0
193 0
194 0
195 0
196 1
197 0
198 0
199 0
200 1
201 1
202 1
203 0
204 1
205 0
206 0
207 1
208 0
209 0
210 1
211 0
212 1
213 0
214 0
215 0
216 0
217 0
218 0
219 0
220 0
221 1
222 1
223 1
224 0
225 0
226 1
227 1
228 1
229 0
230 0
231 0
232 0
233 0
234 1
235 0
236 1
237 0
238 1
239 1
240 0
241 0
242 0
243 0
244 0
245 0
246 0
247 0
248 0
249 0
250 0
251 1
252 0
253 0
254 1
255 0
256 1
257 0
258 1
259 0
260 1
261 0
262 1
263 0
264 1
265 0
266 0
267 1
268 1
269 0
270 0
271 1
272 1
273 0
274 0
275 1
276 1
277 0
278 1
279 1
280 0
281 0
282 0
283 0
284 0
285 0
286 0
287 0
288 0
289 0
290 1
291 0
292 0
293 0
294 1
295 1
296 0
297 0
298 1
299 0
300 0
301 1
302 0
303 0
304 0
305 0
306 0
307 0
308 0
309 0
310 0
311 1
312 0
313 1
314 0
315 0
316 0
317 0
318 1
319 0
320 0
321 1
322 0
323 0
324 0
325 0
326 0
327 1
328 0
329 0
330 0
331 0
332 0
333 0
334 0
335 1
336 0
337 0
338 1
339 1
340 0
341 1
342 1
343 0
344 0
345 1
346 0
347 0
348 0
349 1
350 0
351 1
352 0
353 1
354 0
355 0
356 0
357 0
358 0
359 1
360 0
361 0
362 0
363 1
364 0
365 0
366 0
367 0
368 0
369 1
370 1
371 0
372 0
373 1
374 0
375 0
376 0
377 0
378 0
379 0
380 0
381 0
382 0
383 0
384 0
385 0
386 1
387 1
388 0
389 0
390 0
391 0
392 0
393 0
394 0
395 0
396 0
397 1
398 1
399 0
400 0
401 1
402 1
403 0
404 0
405 0
406 0
407 1
408 0
409 0
410 0
411 0
412 0
413 1
414 1
415 1
416 0
417 0
418 1
419 0
420 0
421 1
422 0
423 0
424 0
425 0
426 0
427 0
428 0
429 0
430 0
431 1
432 0
433 1
434 1
435 1
436 1
437 0
438 0
439 0
440 0
441 1
442 0
443 0
444 0
445 0
446 0
447 1
448 0
449 0
450 0
451 0
452 0
453 0
454 1
455 0
456 0
457 1
458 0
459 1
460 1
461 0
462 0
463 0
464 0
465 0
466 0
467 0
468 0
469 0
470 0
471 0
472 0
473 0
474 1
475 0
476 0
477 0
478 0
479 1
480 0
481 0
482 1
483 0
484 0
485 0
486 0
487 1
488 1
489 0
490 0
491 1
492 0
493 1
494 0
495 0
496 0
497 0
498 0
499 0
500 1
501 1
502 1
503 0
504 1
505 0
506 0
507 0
508 0
509 0
510 0
511 0
512 0
513 1
514 0
515 1
516 0
517 0
518 0
519 0
520 1
521 0
522 1
523 0
524 0
525 0
526 1
527 0
528 1
529 0
530 0
531 0
532 1
533 0
534 0
535 0
536 1
537 0
538 1
539 0
540 0
541 1
542 0
543 0
544 0
545 0
546 0
547 1
548 0
549 0
550 0
551 0
552 1
553 1
554 1
555 1
556 0
557 0
558 0
559 1
560 1
561 0
562 0
563 0
564 0
565 0
566 0
567 0
568 0
569 0
570 0
571 0
572 0
573 0
574 1
575 0
576 0
577 0
578 0
579 0
580 0
581 0
582 0
583 0
584 0
585 1
586 0
587 0
588 1
589 0
590 1
591 0
592 0
593 0
594 0
595 1
596 1
597 0
598 1
599 1
600 0
601 0
602 0
603 0
604 1
605 0
606 1
607 0
608 0
609 0
610 1
611 0
612 0
613 0
614 1
615 1
616 0
617 1
618 0
619 0
620 1
621 0
622 0
623 0
624 0
625 0
626 1
627 1
628 1
629 0
630 0
631 0
632 0
633 0
634 0
635 0
636 1
637 0
638 0
639 1
640 0
641 0
642 0
643 1
644 0
645 0
646 0
647 0
648 0
649 0
650 0
651 1
652 1
653 1
654 0
655 0
656 0
657 0
658 0
659 0
660 0
661 0
662 0
663 0
664 1
665 0
666 0
667 0
668 1
669 0
670 1
671 0
672 0
673 0
674 0
675 1
676 0
677 1
678 0
679 0
680 0
681 0
682 1
683 1
684 0
685 0
686 0
687 0
688 1
689 0
690 0
691 0
692 0
693 1
694 0
695 0
696 1
697 0
698 0
699 1
700 1
701 0
702 1
703 1
704 0
705 0
706 1
707 1
708 1
709 0
710 0
711 1
712 0
713 0
714 1
715 1
716 1
717 1
718 0
719 0
720 0
721 1
722 0
723 0
724 0
725 1
726 1
727 1
728 1
729 1
730 1
731 1
732 0
733 0
734 0
735 1
736 0
737 0
738 0
739 0
740 0
741 0
742 0
743 0
744 0
745 0
746 1
747 0
748 0
749 1
750 1
751 1
752 0
753 0
754 1
755 1
756 0
757 0
758 0
759 1
760 0
761 0
762 0
763 0
764 0
765 0
766 0
767 0
768 0
769 0
770 0
771 0
772 0
773 0
774 0
775 0
776 0
777 1
778 0
779 0
780 0
781 1
782 1
783 0
784 0
785 0
786 0
787 0
788 0
789 0
790 0
791 1
792 1
793 1
794 1
795 0
796 0
797 0
798 0
799 0
800 1
801 0
802 1
803 0
804 1
805 1
806 1
807 0
808 1
809 0
810 0
811 0
812 0
813 0
814 0
815 0
816 0
817 1
818 0
819 0
820 0
821 1
822 0
823 0
824 0
825 0
826 0
827 0
828 0
829 1
830 0
831 1
832 0
833 1
834 0
835 0
836 0
837 0
838 0
839 0
840 0
841 0
842 0
843 1
844 0
845 0
846 0
847 0
848 1
849 0
850 1
851 1
852 0
853 1
854 1
855 1
856 0
857 0
858 0
859 0
860 0
861 0
862 0
863 0
864 0
865 0
866 1
867 1
868 0
869 1
870 0
871 0
872 1
873 1
874 0
875 0
876 0
877 0
878 0
879 1
880 0
881 1
882 0
883 0
884 0
885 1
886 0
887 0
888 0
889 1
890 0
891 0
892 0
893 0
894 0
895 0
896 1
897 0
898 1
899 0
900 0
901 1
902 1
903 1
904 0
905 1
906 0
907 0
908 1
909 0
910 0
911 1
912 0
913 0
914 1
915 1
916 1
917 0
918 0
919 1
920 0
921 0
922 0
923 0
924 1
925 0
926 0
927 0
928 0
929 0
930 0
931 0
932 1
933 1
934 0
935 0
936 1
937 0
