0 0
1 1
2 2
3 0
4 1
5 3
6 4
7 4
8 5
9 6
10 1
11 1
12 7
13 8
14 7
15 9
16 10
17 1
18 11
19 12
20 2
21 2
22 13
23 13
24 14
25 14
26 11
27 2
28 10
29 5
30 13
31 5
32 5
33 4
34 12
35 5
36 5
37 1
38 9
39 8
40 14
41 4
42 11
43 0
44 10
45 15
46 15
47 4
48 5
49 2
50 7
51 5
52 10
53 3
54 10
55 11
56 16
57 10
58 7
59 17
60 14
61 4
62 15
63 7
64 7
65 5
66 5
67 5
68 14
69 14
70 8
71 4
72 5
73 8
74 9
75 5
76 0
77 4
78 4
79 4
80 5
81 10
82 1
83 3
84 7
85 4
86 4
87 11
88 4
89 7
90 15
91 9
92 3
93 5
94 4
95 13
96 13
97 3
98 5
99 3
100 5
101 10
102 5
103 5
104 14
105 18
106 8
107 7
108 1
109 5
110 14
111 19
112 3
113 10
114 14
115 17
116 5
117 4
118 10
119 1
120 11
121 2
122 13
123 5
124 6
125 6
126 16
127 15
128 15
129 16
130 4
131 1
132 14
133 10
134 5
135 1
136 7
137 20
138 5
139 5
140 10
141 1
142 0
143 10
144 9
145 13
146 11
147 14
148 15
149 13
150 4
151 7
152 5
153 5
154 7
155 14
156 7
157 5
158 10
159 6
160 13
161 4
162 17
163 1
164 7
165 1
166 1
167 1
168 17
169 7
170 15
171 1
172 4
173 8
174 8
175 10
176 1
177 9
178 4
179 3
180 10
181 8
182 11
183 11
184 3
185 7
186 5
187 13
188 4
189 4
190 7
191 5
192 4
193 8
194 2
195 0
196 5
197 2
198 10
199 2
200 7
201 5
202 11
203 6
204 5
205 15
206 14
207 7
208 14
209 19
210 7
211 3
212 11
213 10
214 14
215 1
216 4
217 10
218 11
219 5
220 10
221 5
222 7
223 4
224 5
225 3
226 5
227 11
228 5
229 11
230 8
231 14
232 18
233 7
234 2
235 4
236 4
237 13
238 7
239 5
240 7
241 7
242 0
243 5
244 5
245 14
246 5
247 5
248 3
249 20
250 14
251 11
252 7
253 9
254 16
255 5
256 5
257 5
258 13
259 4
260 5
261 10
262 2
263 3
264 4
265 14
266 14
267 11
268 5
269 14
270 8
271 1
272 5
273 14
274 5
275 4
276 11
277 10
278 11
279 5
280 4
281 10
282 3
283 10
284 5
285 19
286 15
287 16
288 14
289 5
290 10
291 2
292 0
293 7
294 4
295 7
296 3
297 20
298 10
299 5
300 5
301 5
302 10
303 1
304 5
305 18
306 8
307 7
308 0
309 1
310 15
311 5
312 7
313 1
314 4
315 18
316 10
317 5
318 7
319 5
320 5
321 5
322 0
323 4
324 5
325 4
326 7
327 7
328 9
329 5
330 1
331 11
332 3
333 19
334 8
335 11
336 6
337 14
338 5
339 1
340 14
341 11
342 11
343 1
344 5
345 5
346 18
347 5
348 7
349 10
350 8
351 11
352 5
353 12
354 3
355 7
356 5
357 1
358 5
359 12
360 5
361 14
362 6
363 5
364 5
365 5
366 5
367 2
368 14
369 5
370 1
371 3
372 9
373 1
374 5
375 5
376 10
377 14
378 13
379 14
380 4
381 10
382 2
383 19
384 9
385 1
386 2
387 2
388 5
389 2
390 5
391 4
392 1
393 14
394 5
395 1
396 1
397 4
398 17
399 14
400 1
401 10
402 17
403 7
404 14
405 5
406 4
407 13
408 7
409 7
410 7
411 10
412 7
413 5
414 1
415 16
416 6
417 7
418 10
419 9
420 1
421 15
422 5
423 7
424 20
425 5
426 5
427 8
428 15
429 9
430 13
431 5
432 14
433 4
434 1
435 4
436 4
437 1
438 0
439 5
440 19
441 6
442 2
443 7
444 4
445 9
446 11
447 7
448 5
449 4
450 5
451 1
452 4
453 0
454 19
455 0
456 5
457 1
458 5
459 5
460 17
461 2
462 1
463 5
464 14
465 14
466 7
467 10
468 5
469 5
470 5
471 3
472 10
473 5
474 5
475 1
476 7
477 18
478 18
479 5
480 8
481 5
482 7
483 7
484 14
485 0
486 1
487 13
488 2
489 7
490 14
491 4
492 14
493 5
494 5
495 2
496 10
497 4
498 5
499 5
500 2
501 2
502 1
503 10
504 2
505 15
506 4
507 1
508 5
509 1
510 4
511 10
512 15
513 11
514 5
515 2
516 1
517 17
518 5
519 14
520 4
521 7
522 4
523 15
524 11
525 5
526 4
527 14
528 19
529 5
530 11
531 5
532 7
533 14
534 14
535 8
536 4
537 14
538 5
539 5
540 8
541 1
542 0
543 3
544 7
545 2
546 8
547 5
548 10
549 1
550 7
551 8
552 7
553 7
554 2
555 2
556 3
557 5
558 14
559 4
560 11
561 18
562 5
563 5
564 9
565 7
566 7
567 7
568 13
569 7
570 18
571 7
572 15
573 3
574 5
575 4
576 7
577 5
578 1
579 5
580 14
581 5
582 11
583 5
584 1
585 5
586 6
587 7
588 11
589 5
590 7
591 7
592 10
593 13
594 1
595 15
596 5
597 10
598 13
599 1
600 10
601 7
602 14
603 10
604 17
605 1
606 5
607 5
608 11
609 7
610 15
611 7
612 7
613 8
614 2
615 5
616 5
617 2
618 5
619 10
620 7
621 5
622 10
623 8
624 14
625 16
626 1
627 17
628 5
629 5
630 10
631 14
632 1
633 7
634 1
635 14
636 11
637 5
638 5
639 5
640 8
641 18
642 10
643 5
644 7
645 14
646 5
647 14
648 18
649 1
650 3
651 5
652 17
653 16
654 10
655 7
656 5
657 10
658 11
659 1
660 14
661 4
662 4
663 11
664 2
665 1
666 0
667 10
668 4
669 7
670 5
671 1
672 10
673 1
674 7
675 5
676 6
677 15
678 10
679 11
680 5
681 7
682 17
683 4
684 1
685 19
686 7
687 14
688 17
689 10
690 2
691 1
692 1
693 10
694 1
695 5
696 11
697 1
698 7
699 11
700 5
701 5
702 11
703 12
704 1
705 5
706 5
707 5
708 1
709 14
710 0
711 4
712 0
713 0
714 1
715 4
716 9
717 12
718 3
719 3
720 5
721 4
722 5
723 3
724 5
725 8
726 7
727 1
728 1
729 1
730 17
731 2
732 10
733 0
734 0
735 7
736 2
737 5
738 10
739 15
740 2
741 14
742 1
743 4
744 1
745 4
746 1
747 18
748 19
749 11
750 7
751 16
752 5
753 5
754 5
755 1
756 5
757 4
758 8
759 7
760 5
761 1
762 14
763 4
764 3
765 5
766 5
767 2
768 5
769 5
770 3
771 11
772 10
773 5
774 5
775 10
776 5
777 13
778 15
779 4
780 14
781 14
782 5
783 4
784 1
785 0
786 7
787 10
788 5
789 7
790 10
791 2
792 1
793 2
794 4
795 10
796 2
797 4
798 4
799 7
800 1
801 15
802 17
803 19
804 15
805 1
806 7
807 0
808 5
809 1
810 1
811 1
812 5
813 11
814 4
815 5
816 14
817 11
818 13
819 14
820 13
821 14
822 11
823 2
824 10
825 1
826 0
827 2
828 1
829 3
830 13
831 13
832 5
833 9
834 13
835 20
836 2
837 11
838 14
839 20
840 6
841 5
842 14
843 5
844 0
845 1
846 4
847 2
848 5
849 11
850 15
851 4
852 7
853 1
854 18
855 5
856 3
857 5
858 10
859 13
860 1
861 8
862 10
863 5
864 5
865 3
866 5
867 4
868 8
869 5
870 1
871 1
872 7
873 4
874 5
875 15
876 14
877 11
878 14
879 1
880 5
881 5
882 8
883 0
884 5
885 4
886 1
887 5
888 7
889 11
890 2
891 1
892 12
893 1
894 18
895 3
896 13
897 7
898 5
899 1
900 11
901 1
902 11
903 7
904 17
905 2
906 1
907 5
908 1
909 9
910 14
911 5
912 8
913 1
914 13
915 5
916 4
917 5
918 1
919 19
920 9
921 10
922 5
923 8
924 8
925 7
926 7
927 5
928 14
929 20
930 1
931 7
932 0
933 5
934 4
935 5
936 11
937 5
