0 0
1 6
2 2
3 4
4 2
5 5
6 3
7 2
8 2
9 3
10 2
11 2
12 4
13 3
14 2
15 3
16 5
17 1
18 0
19 2
20 1
21 1
22 3
23 2
24 1
25 2
26 2
27 2
28 3
29 3
30 6
31 2
32 4
33 1
34 4
35 2
36 2
37 1
38 1
39 4
40 1
41 2
42 2
43 4
44 4
45 1
46 1
47 2
48 1
49 2
50 0
51 1
52 2
53 5
54 3
55 3
56 1
57 2
58 5
59 5
60 2
61 3
62 1
63 1
64 3
65 2
66 5
67 1
68 2
69 1
70 2
71 4
72 1
73 3
74 0
75 3
76 1
77 4
78 4
79 6
80 2
81 2
82 2
83 1
84 1
85 0
86 2
87 4
88 6
89 6
90 3
91 1
92 2
93 2
94 4
95 2
96 3
97 3
98 0
99 3
100 1
101 3
102 4
103 2
104 4
105 3
106 4
107 2
108 4
109 2
110 3
111 2
112 1
113 2
114 2
115 2
116 2
117 3
118 0
119 2
120 3
121 1
122 3
123 6
124 4
125 1
126 4
127 6
128 2
129 3
130 1
131 2
132 2
133 2
134 1
135 1
136 4
137 1
138 2
139 3
140 3
141 2
142 1
143 2
144 1
145 3
146 1
147 5
148 2
149 3
150 2
151 1
152 0
153 5
154 3
155 4
156 3
157 6
158 4
159 3
160 4
161 1
162 1
163 6
164 1
165 1
166 2
167 5
168 2
169 2
170 5
171 2
172 2
173 2
174 2
175 1
176 5
177 6
178 2
179 4
180 1
181 1
182 4
183 2
184 4
185 1
186 4
187 6
188 1
189 2
190 1
191 1
192 4
193 0
194 2
195 3
196 1
197 2
198 1
199 1
200 3
201 1
202 1
203 2
204 3
205 2
206 2
207 3
208 3
209 0
210 4
211 2
212 1
213 1
214 3
215 4
216 1
217 3
218 2
219 2
220 2
221 2
222 2
223 1
224 2
225 3
226 3
227 2
228 1
229 4
230 2
231 2
232 4
233 3
234 2
235 2
236 2
237 5
238 1
239 5
240 3
241 1
242 2
243 5
244 3
245 1
246 2
247 1
248 1
249 3
250 6
251 2
252 2
253 3
254 3
255 4
256 1
257 2
258 2
259 1
260 2
261 2
262 2
263 3
264 3
265 3
266 4
267 1
268 2
269 5
270 1
271 1
272 1
273 1
274 2
275 4
276 3
277 4
278 2
279 5
280 3
281 2
282 2
283 2
284 3
285 2
286 5
287 2
288 2
289 2
290 3
291 3
292 6
293 4
294 1
295 5
296 1
297 1
298 2
299 2
300 1
301 1
302 2
303 2
304 1
305 1
306 5
307 2
308 2
309 1
310 1
311 5
312 1
313 6
314 6
315 6
316 3
317 6
318 5
319 3
320 1
321 6
322 4
323 3
324 5
325 5
326 3
327 3
328 3
329 6
330 2
331 5
332 3
333 6
334 3
335 1
336 1
337 3
338 5
339 2
340 6
341 1
342 3
343 3
344 2
345 2
346 6
347 5
348 0
349 4
350 1
351 1
352 3
353 3
354 1
355 6
356 1
357 6
358 2
359 3
360 2
361 3
362 1
363 3
364 1
365 5
366 5
367 2
368 3
369 1
370 1
371 1
372 2
373 3
374 2
375 3
376 2
377 1
378 3
379 2
380 3
381 3
382 2
383 2
384 2
385 2
386 3
387 2
388 2
389 2
390 4
391 1
392 3
393 1
394 1
395 2
396 3
397 2
398 3
399 1
400 1
401 2
402 1
403 1
404 6
405 2
406 1
407 2
408 1
409 2
410 4
411 3
412 2
413 2
414 3
415 4
416 2
417 2
418 1
419 3
420 4
421 6
422 1
423 2
424 2
425 1
426 3
427 1
428 1
429 1
430 1
431 4
432 5
433 4
434 2
435 1
436 3
437 1
438 3
439 6
440 3
441 2
442 2
443 6
444 4
445 5
446 4
447 2
448 2
449 4
450 6
451 5
452 1
453 2
454 3
455 3
456 1
457 5
458 1
459 4
460 5
461 1
462 2
463 1
464 1
465 2
466 3
467 0
468 3
469 0
470 3
471 3
472 1
473 2
474 2
475 3
476 3
477 5
478 2
479 1
480 4
481 2
482 1
483 0
484 6
485 6
486 3
487 2
488 1
489 0
490 1
491 2
492 5
493 3
494 1
495 1
496 2
497 3
498 2
499 1
500 2
501 3
502 3
503 2
504 3
505 2
506 2
507 2
508 2
509 1
510 4
511 3
512 2
513 2
514 2
515 6
516 2
517 3
518 3
519 3
520 6
521 2
522 5
523 1
524 3
525 4
526 2
527 1
528 3
529 2
530 1
531 2
532 2
533 2
534 3
535 2
536 4
537 6
538 2
539 1
540 1
541 1
542 2
543 3
544 3
545 2
546 3
547 3
548 2
549 4
550 3
551 5
552 2
553 2
554 1
555 2
556 6
557 3
558 2
559 4
560 1
561 3
562 2
563 4
564 2
565 2
566 3
567 5
568 1
569 2
570 5
571 1
572 3
573 2
574 2
575 4
576 3
577 1
578 2
579 0
580 5
581 1
582 2
583 2
584 1
585 3
586 2
587 2
588 1
589 3
590 2
591 1
592 5
593 6
594 2
595 2
596 3
597 3
598 5
599 3
600 1
601 6
602 2
603 4
604 1
605 0
606 2
607 1
608 2
609 2
610 3
611 5
612 3
613 3
614 5
615 2
616 2
617 2
618 1
619 1
620 1
621 2
622 2
623 2
624 3
625 1
626 5
627 3
628 0
629 3
630 3
631 4
632 2
633 0
634 6
635 1
636 3
637 2
638 4
639 1
640 3
641 3
642 2
643 2
644 3
645 3
646 3
647 2
648 2
649 2
650 3
651 1
652 6
653 5
654 2
655 4
656 5
657 2
658 2
659 4
660 4
661 1
662 2
663 3
664 1
665 1
666 2
667 2
668 2
669 2
670 1
671 3
672 2
673 2
674 2
675 1
676 5
677 2
678 3
679 2
680 3
681 2
682 2
683 2
684 2
685 1
686 2
687 6
688 5
689 2
690 3
691 2
692 3
693 1
694 1
695 2
696 5
697 1
698 1
699 5
700 1
701 3
702 6
703 3
704 2
705 3
706 3
707 2
708 1
709 2
710 2
711 2
712 3
713 1
714 1
715 1
716 2
717 1
718 0
719 1
720 3
721 2
722 2
723 5
724 6
725 2
726 3
727 2
728 3
729 2
730 4
731 2
732 3
733 2
734 2
735 1
736 0
737 1
738 3
739 2
740 2
741 1
742 0
743 2
744 0
745 1
746 1
747 2
748 3
749 3
750 2
751 2
752 0
753 3
754 3
755 3
756 2
757 3
758 6
759 6
760 1
761 0
762 1
763 1
764 2
765 2
766 2
767 2
768 4
769 1
770 5
771 1
772 2
773 1
774 0
775 2
776 1
777 1
778 2
779 2
780 1
781 6
782 2
783 1
784 1
785 2
786 1
787 2
788 1
789 2
790 3
791 2
792 3
793 5
794 3
795 5
796 5
797 2
798 2
799 3
800 2
801 2
802 1
803 2
804 3
805 3
806 1
807 2
808 2
809 2
810 5
811 2
812 1
813 1
814 2
815 4
816 1
817 1
818 3
819 3
820 1
821 2
822 2
823 3
824 6
825 3
826 4
827 1
828 0
829 3
830 4
831 1
832 3
833 3
834 6
835 2
836 6
837 5
838 2
839 2
840 5
841 1
842 2
843 2
844 1
845 2
846 2
847 2
848 2
849 3
850 1
851 2
852 2
853 2
854 1
855 4
856 3
857 3
858 2
859 1
860 2
861 3
862 2
863 2
864 3
865 0
866 4
867 5
868 1
869 2
870 0
871 5
872 6
873 4
874 0
875 2
876 2
877 1
878 4
879 3
880 1
881 1
882 3
883 0
884 3
885 6
886 6
887 0
888 4
889 1
890 2
891 3
892 5
893 1
894 5
895 1
896 2
897 2
898 2
899 6
900 6
901 6
902 6
903 3
904 4
905 0
906 4
907 5
908 4
909 5
910 5
911 3
912 2
913 3
914 2
915 2
916 5
917 4
918 3
919 1
920 2
921 6
922 2
923 5
924 3
925 0
926 2
927 6
928 2
929 2
930 6
931 3
932 4
933 3
934 3
935 1
936 2
937 2
938 2
939 0
940 1
941 5
942 4
943 3
944 4
945 3
946 1
947 6
948 5
949 3
950 4
951 6
952 5
953 2
954 5
955 3
956 3
957 3
958 5
959 0
960 1
961 2
962 2
963 2
964 6
965 6
966 1
967 5
968 2
969 2
970 2
971 4
972 2
973 3
974 3
975 3
976 2
977 1
978 0
979 2
980 2
981 2
982 2
983 5
984 2
985 6
986 3
987 5
988 5
989 1
990 2
991 3
992 2
993 1
994 1
995 2
996 0
997 4
998 2
999 2
1000 2
1001 5
1002 2
1003 2
1004 3
1005 1
1006 5
1007 3
1008 5
1009 2
1010 2
1011 3
1012 6
1013 4
1014 3
1015 6
1016 3
1017 1
1018 3
1019 1
1020 3
1021 2
1022 6
1023 3
1024 2
1025 4
1026 1
1027 4
1028 2
1029 2
1030 3
1031 5
1032 2
1033 3
1034 1
1035 3
1036 4
1037 6
1038 3
1039 2
1040 4
1041 3
1042 5
1043 2
1044 0
1045 6
1046 1
1047 3
1048 4
1049 2
1050 2
1051 3
1052 3
1053 0
1054 3
1055 0
1056 4
1057 2
1058 2
1059 1
1060 4
1061 5
1062 3
1063 2
1064 2
1065 4
1066 3
1067 1
1068 2
1069 4
1070 5
1071 3
1072 2
1073 4
1074 2
1075 2
1076 2
1077 4
1078 2
1079 6
1080 1
1081 4
1082 6
1083 0
1084 2
1085 1
1086 2
1087 0
1088 3
1089 2
1090 1
1091 1
1092 5
1093 1
1094 6
1095 0
1096 1
1097 3
1098 2
1099 2
1100 3
1101 1
1102 4
1103 3
1104 3
1105 1
1106 5
1107 6
1108 1
1109 6
1110 5
1111 1
1112 1
1113 1
1114 2
1115 2
1116 1
1117 5
1118 3
1119 1
1120 6
1121 6
1122 5
1123 2
1124 1
1125 6
1126 2
1127 2
1128 3
1129 1
1130 6
1131 1
1132 1
1133 1
1134 5
1135 3
1136 1
1137 1
1138 2
1139 4
1140 2
1141 1
1142 5
1143 2
1144 5
1145 1
1146 2
1147 3
1148 2
1149 2
1150 2
1151 1
1152 1
1153 0
1154 2
1155 5
1156 4
1157 3
1158 1
1159 1
1160 2
1161 3
1162 0
1163 2
1164 2
1165 6
1166 5
1167 2
1168 2
1169 6
1170 4
1171 2
1172 2
1173 1
1174 2
1175 6
1176 2
1177 6
1178 5
1179 5
1180 3
1181 0
1182 3
1183 2
1184 3
1185 1
1186 0
1187 4
1188 2
1189 4
1190 3
1191 5
1192 2
1193 2
1194 0
1195 1
1196 3
1197 0
1198 5
1199 0
1200 1
1201 3
1202 2
1203 2
1204 6
1205 5
1206 5
1207 2
1208 3
1209 2
1210 1
1211 5
1212 5
1213 6
1214 3
1215 2
1216 2
1217 6
1218 2
1219 0
1220 1
1221 3
1222 2
1223 5
1224 4
1225 1
1226 5
1227 2
1228 2
1229 2
1230 2
1231 1
1232 4
1233 1
1234 2
1235 2
1236 1
1237 3
1238 2
1239 1
1240 0
1241 3
1242 3
1243 2
1244 2
1245 1
1246 3
1247 3
1248 3
1249 5
1250 2
1251 6
1252 3
1253 1
1254 2
1255 2
1256 1
1257 4
1258 3
1259 2
1260 1
1261 2
1262 0
1263 2
1264 1
1265 2
1266 2
1267 5
1268 6
1269 2
1270 4
1271 1
1272 3
1273 4
1274 5
1275 3
1276 1
1277 1
1278 3
1279 0
1280 2
1281 5
1282 1
1283 4
1284 3
1285 3
1286 5
1287 3
1288 4
1289 3
1290 3
1291 2
1292 2
1293 5
1294 3
1295 0
1296 2
1297 3
1298 2
1299 0
1300 2
1301 1
1302 2
1303 2
1304 4
1305 2
1306 6
1307 0
1308 2
1309 4
1310 1
1311 2
1312 1
1313 1
1314 3
1315 5
1316 4
1317 1
1318 2
1319 2
1320 2
1321 6
1322 3
1323 3
1324 2
1325 2
1326 0
1327 3
1328 1
1329 6
1330 4
1331 2
1332 2
1333 5
1334 3
1335 5
1336 6
1337 2
1338 3
1339 2
1340 1
1341 3
1342 3
1343 2
1344 2
1345 3
1346 1
1347 0
1348 5
1349 3
1350 2
1351 3
1352 0
1353 2
1354 4
1355 1
1356 4
1357 3
1358 3
1359 2
1360 2
1361 3
1362 5
1363 4
1364 0
1365 0
1366 2
1367 2
1368 2
1369 3
1370 5
1371 0
1372 2
1373 5
1374 4
1375 4
1376 3
1377 4
1378 6
1379 0
1380 1
1381 4
1382 2
1383 1
1384 2
1385 2
1386 5
1387 6
1388 2
1389 3
1390 3
1391 4
1392 1
1393 2
1394 2
1395 2
1396 3
1397 6
1398 1
1399 2
1400 1
1401 1
1402 2
1403 5
1404 6
1405 2
1406 3
1407 2
1408 1
1409 5
1410 3
1411 2
1412 1
1413 1
1414 4
1415 2
1416 3
1417 1
1418 2
1419 1
1420 0
1421 3
1422 2
1423 3
1424 0
1425 1
1426 2
1427 4
1428 3
1429 1
1430 6
1431 3
1432 1
1433 0
1434 2
1435 5
1436 5
1437 1
1438 3
1439 3
1440 3
1441 1
1442 3
1443 2
1444 2
1445 3
1446 1
1447 2
1448 3
1449 1
1450 3
1451 6
1452 2
1453 1
1454 4
1455 2
1456 2
1457 0
1458 2
1459 1
1460 4
1461 3
1462 5
1463 3
1464 5
1465 1
1466 2
1467 0
1468 6
1469 1
1470 2
1471 2
1472 2
1473 2
1474 2
1475 1
1476 4
1477 0
1478 5
1479 2
1480 3
1481 2
1482 1
1483 2
1484 2
1485 2
1486 3
1487 2
1488 3
1489 5
1490 1
1491 2
1492 2
1493 2
1494 1
1495 2
1496 5
1497 1
1498 0
1499 2
1500 2
1501 1
1502 2
1503 1
1504 5
1505 2
1506 3
1507 0
1508 0
1509 2
1510 3
1511 2
1512 3
1513 1
1514 2
1515 2
1516 1
1517 2
1518 1
1519 2
1520 2
1521 3
1522 2
1523 1
1524 2
1525 6
1526 1
1527 2
1528 1
1529 2
1530 4
1531 1
1532 4
1533 5
1534 1
1535 3
1536 1
1537 2
1538 2
1539 4
1540 6
1541 1
1542 2
1543 2
1544 2
1545 2
1546 6
1547 3
1548 3
1549 1
1550 2
1551 4
1552 2
1553 3
1554 1
1555 1
1556 1
1557 1
1558 3
1559 2
1560 1
1561 1
1562 0
1563 5
1564 4
1565 3
1566 2
1567 0
1568 6
1569 1
1570 2
1571 2
1572 0
1573 2
1574 5
1575 4
1576 6
1577 1
1578 2
1579 1
1580 1
1581 1
1582 3
1583 2
1584 6
1585 4
1586 2
1587 2
1588 2
1589 3
1590 5
1591 3
1592 2
1593 3
1594 3
1595 1
1596 2
1597 3
1598 2
1599 3
1600 2
1601 2
1602 2
1603 2
1604 1
1605 3
1606 4
1607 2
1608 3
1609 2
1610 2
1611 2
1612 1
1613 3
1614 4
1615 2
1616 2
1617 5
1618 5
1619 2
1620 2
1621 1
1622 5
1623 2
1624 4
1625 1
1626 1
1627 1
1628 1
1629 4
1630 5
1631 2
1632 4
1633 6
1634 2
1635 2
1636 6
1637 1
1638 2
1639 3
1640 2
1641 5
1642 4
1643 1
1644 1
1645 2
1646 1
1647 5
1648 1
1649 2
1650 2
1651 2
1652 1
1653 4
1654 1
1655 2
1656 4
1657 3
1658 1
1659 2
1660 3
1661 2
1662 1
1663 1
1664 4
1665 2
1666 5
1667 3
1668 2
1669 6
1670 3
1671 2
1672 0
1673 3
1674 2
1675 1
1676 1
1677 1
1678 2
1679 2
1680 1
1681 2
1682 2
1683 1
1684 3
1685 3
1686 2
1687 1
1688 3
1689 3
1690 2
1691 3
1692 2
1693 2
1694 2
1695 3
1696 1
1697 3
1698 2
1699 2
1700 2
1701 1
1702 1
1703 2
1704 1
1705 2
1706 5
1707 2
1708 2
1709 1
1710 1
1711 2
1712 2
1713 2
1714 2
1715 2
1716 5
1717 1
1718 1
1719 1
1720 1
1721 3
1722 3
1723 1
1724 1
1725 2
1726 3
1727 1
1728 2
1729 1
1730 1
1731 1
1732 1
1733 4
1734 1
1735 6
1736 3
1737 3
1738 6
1739 6
1740 3
1741 2
1742 3
1743 3
1744 4
1745 2
1746 2
1747 5
1748 2
1749 5
1750 3
1751 2
1752 3
1753 1
1754 1
1755 2
1756 2
1757 2
1758 2
1759 2
1760 3
1761 2
1762 3
1763 1
1764 1
1765 4
1766 2
1767 4
1768 2
1769 3
1770 2
1771 6
1772 1
1773 2
1774 2
1775 2
1776 2
1777 1
1778 1
1779 3
1780 3
1781 4
1782 1
1783 1
1784 1
1785 4
1786 1
1787 4
1788 0
1789 2
1790 1
1791 2
1792 2
1793 2
1794 1
1795 5
1796 3
1797 4
1798 3
1799 1
1800 2
1801 1
1802 2
1803 2
1804 1
1805 1
1806 1
1807 1
1808 2
1809 5
1810 6
1811 2
1812 3
1813 5
1814 0
1815 3
1816 3
1817 0
1818 3
1819 2
1820 2
1821 2
1822 3
1823 1
1824 2
1825 4
1826 2
1827 1
1828 2
1829 1
1830 1
1831 1
1832 1
1833 3
1834 2
1835 2
1836 2
1837 3
1838 1
1839 2
1840 1
1841 1
1842 2
1843 1
1844 2
1845 4
1846 1
1847 3
1848 3
1849 1
1850 2
1851 2
1852 5
1853 2
1854 1
1855 6
1856 0
1857 1
1858 2
1859 6
1860 5
1861 5
1862 1
1863 3
1864 1
1865 2
1866 5
1867 5
1868 4
1869 6
1870 4
1871 5
1872 3
1873 4
1874 3
1875 2
1876 4
1877 0
1878 2
1879 3
1880 3
1881 3
1882 5
1883 4
1884 5
1885 2
1886 6
1887 3
1888 1
1889 5
1890 4
1891 2
1892 3
1893 3
1894 3
1895 6
1896 5
1897 2
1898 4
1899 6
1900 5
1901 2
1902 3
1903 1
1904 3
1905 2
1906 3
1907 6
1908 1
1909 0
1910 1
1911 2
1912 2
1913 3
1914 5
1915 4
1916 1
1917 4
1918 0
1919 3
1920 6
1921 2
1922 3
1923 6
1924 5
1925 0
1926 3
1927 0
1928 0
1929 2
1930 2
1931 2
1932 1
1933 2
1934 0
1935 3
1936 2
1937 2
1938 3
1939 2
1940 3
1941 3
1942 1
1943 1
1944 2
1945 2
1946 2
1947 0
1948 1
1949 2
1950 1
1951 3
1952 2
1953 2
1954 0
1955 3
1956 1
1957 2
1958 5
1959 4
1960 5
1961 1
1962 5
1963 2
1964 6
1965 2
1966 5
1967 2
1968 2
1969 5
1970 2
1971 4
1972 2
1973 3
1974 1
1975 3
1976 6
1977 0
1978 6
1979 3
1980 6
1981 0
1982 2
1983 1
1984 4
1985 5
1986 2
1987 2
1988 5
1989 2
1990 2
1991 1
1992 3
1993 3
1994 2
1995 3
1996 2
1997 5
1998 3
1999 1
2000 5
2001 6
2002 0
2003 4
2004 1
2005 3
2006 5
2007 2
2008 3
2009 1
2010 3
2011 2
2012 4
2013 1
2014 1
2015 6
2016 2
2017 3
2018 5
2019 2
2020 2
2021 2
2022 1
2023 0
2024 6
2025 5
2026 2
2027 4
2028 2
2029 2
2030 3
2031 5
2032 4
2033 4
2034 1
2035 2
2036 6
2037 4
2038 5
2039 2
2040 2
2041 0
2042 2
2043 4
2044 0
2045 3
2046 0
2047 5
2048 5
2049 3
2050 3
2051 0
2052 4
2053 2
2054 5
2055 2
2056 3
2057 6
2058 3
2059 0
2060 6
2061 1
2062 2
2063 3
2064 2
2065 2
2066 5
2067 3
2068 6
2069 3
2070 4
2071 5
2072 1
2073 1
2074 2
2075 1
2076 1
2077 1
2078 0
2079 2
2080 1
2081 0
2082 1
2083 1
2084 1
2085 3
2086 2
2087 5
2088 3
2089 3
2090 3
2091 6
2092 1
2093 3
2094 6
2095 2
2096 1
2097 3
2098 1
2099 2
2100 2
2101 2
2102 3
2103 4
2104 2
2105 1
2106 2
2107 0
2108 2
2109 5
2110 6
2111 4
2112 2
2113 1
2114 3
2115 1
2116 6
2117 2
2118 3
2119 0
2120 6
2121 3
2122 3
2123 2
2124 3
2125 6
2126 1
2127 4
2128 2
2129 4
2130 2
2131 6
2132 0
2133 1
2134 5
2135 3
2136 0
2137 1
2138 5
2139 4
2140 5
2141 4
2142 1
2143 1
2144 1
2145 1
2146 1
2147 1
2148 2
2149 1
2150 6
2151 1
2152 1
2153 2
2154 0
2155 1
2156 1
2157 2
2158 5
2159 1
2160 3
2161 0
2162 1
2163 3
2164 2
2165 0
2166 2
2167 0
2168 0
2169 5
2170 3
2171 1
2172 5
2173 5
2174 2
2175 0
2176 3
2177 4
2178 2
2179 2
2180 2
2181 2
2182 6
2183 1
2184 4
2185 1
2186 4
2187 1
2188 0
2189 2
2190 1
2191 2
2192 0
2193 2
2194 0
2195 2
2196 2
2197 3
2198 0
2199 3
2200 6
2201 0
2202 4
2203 6
2204 2
2205 4
2206 1
2207 2
2208 3
2209 4
2210 4
2211 1
2212 2
2213 2
2214 2
2215 2
2216 0
2217 3
2218 2
2219 5
2220 6
2221 4
2222 2
2223 2
2224 2
2225 2
2226 5
2227 2
2228 4
2229 4
2230 5
2231 2
2232 3
2233 6
2234 0
2235 0
2236 3
2237 2
2238 1
2239 4
2240 4
2241 1
2242 4
2243 0
2244 0
2245 2
2246 4
2247 3
2248 2
2249 1
2250 3
2251 1
2252 5
2253 3
2254 3
2255 4
2256 1
2257 1
2258 6
2259 2
2260 2
2261 4
2262 2
2263 4
2264 6
2265 5
2266 6
2267 3
2268 4
2269 1
2270 5
2271 2
2272 2
2273 1
2274 6
2275 6
2276 4
2277 5
2278 5
2279 6
2280 4
2281 5
2282 3
2283 2
2284 0
2285 3
2286 6
2287 0
2288 5
2289 2
2290 4
2291 5
2292 6
2293 6
2294 4
2295 2
2296 6
2297 3
2298 1
2299 6
2300 2
2301 5
2302 5
2303 4
2304 5
2305 1
2306 2
2307 4
2308 4
2309 4
2310 2
2311 4
2312 5
2313 2
2314 6
2315 3
2316 4
2317 6
2318 3
2319 5
2320 2
2321 6
2322 3
2323 3
2324 1
2325 1
2326 1
2327 6
2328 6
2329 4
2330 6
2331 6
2332 5
2333 6
2334 5
2335 3
2336 3
2337 4
2338 6
2339 3
2340 6
2341 3
2342 4
2343 2
2344 3
2345 0
2346 3
2347 5
2348 2
2349 1
2350 2
2351 5
2352 3
2353 3
2354 4
2355 5
2356 3
2357 6
2358 6
2359 5
2360 6
2361 2
2362 5
2363 6
2364 5
2365 4
2366 2
2367 6
2368 3
2369 5
2370 3
2371 4
2372 4
2373 2
2374 5
2375 2
2376 3
2377 2
2378 1
2379 2
2380 3
2381 5
2382 2
2383 3
2384 4
2385 2
2386 2
2387 6
2388 2
2389 2
2390 5
2391 6
2392 6
2393 3
2394 3
2395 1
2396 3
2397 2
2398 3
2399 2
2400 2
2401 4
2402 1
2403 1
2404 5
2405 6
2406 3
2407 4
2408 3
2409 6
2410 3
2411 6
2412 6
2413 2
2414 2
2415 4
2416 4
2417 0
2418 2
2419 5
2420 3
2421 5
2422 4
2423 2
2424 3
2425 6
2426 2
2427 4
2428 2
2429 2
2430 2
2431 2
2432 2
2433 2
2434 2
2435 2
2436 2
2437 3
2438 4
2439 5
2440 4
2441 3
2442 3
2443 4
2444 2
2445 1
2446 2
2447 3
2448 6
2449 4
2450 4
2451 4
2452 2
2453 1
2454 3
2455 2
2456 2
2457 2
2458 5
2459 5
2460 1
2461 3
2462 2
2463 1
2464 5
2465 2
2466 0
2467 5
2468 2
2469 3
2470 5
2471 2
2472 2
2473 2
2474 2
2475 5
2476 4
2477 5
2478 2
2479 1
2480 3
2481 5
2482 6
2483 4
2484 3
2485 1
2486 4
2487 4
2488 3
2489 2
2490 3
2491 4
2492 4
2493 1
2494 1
2495 5
2496 5
2497 6
2498 5
2499 6
2500 2
2501 6
2502 3
2503 2
2504 2
2505 2
2506 2
2507 3
2508 2
2509 2
2510 2
2511 4
2512 6
2513 6
2514 4
2515 4
2516 3
2517 2
2518 4
2519 6
2520 3
2521 1
2522 2
2523 6
2524 3
2525 6
2526 3
2527 6
2528 3
2529 1
2530 4
2531 6
2532 2
2533 5
2534 6
2535 6
2536 3
2537 6
2538 3
2539 4
2540 3
2541 4
2542 3
2543 4
2544 6
2545 6
2546 3
2547 3
2548 6
2549 5
2550 2
2551 2
2552 2
2553 2
2554 6
2555 2
2556 1
2557 6
2558 1
2559 4
2560 2
2561 1
2562 4
2563 3
2564 3
2565 3
2566 2
2567 2
2568 4
2569 6
2570 3
2571 3
2572 4
2573 5
2574 3
2575 1
2576 2
2577 5
2578 3
2579 4
2580 2
2581 2
2582 3
2583 6
2584 4
2585 2
2586 3
2587 6
2588 2
2589 1
2590 1
2591 5
2592 6
2593 3
2594 1
2595 5
2596 5
2597 2
2598 2
2599 2
2600 3
2601 4
2602 2
2603 2
2604 3
2605 5
2606 6
2607 2
2608 5
2609 4
2610 2
2611 4
2612 3
2613 2
2614 2
2615 3
2616 4
2617 1
2618 3
2619 1
2620 1
2621 3
2622 6
2623 3
2624 3
2625 6
2626 2
2627 2
2628 2
2629 1
2630 5
2631 6
2632 3
2633 6
2634 3
2635 1
2636 3
2637 2
2638 2
2639 3
2640 2
2641 2
2642 4
2643 1
2644 2
2645 4
2646 3
2647 2
2648 2
2649 4
2650 6
2651 3
2652 2
2653 3
2654 3
2655 6
2656 0
2657 2
2658 3
2659 6
2660 6
2661 2
2662 2
2663 3
2664 3
2665 4
2666 3
2667 2
2668 4
2669 3
2670 3
2671 3
2672 3
2673 2
2674 3
2675 6
2676 3
2677 2
2678 1
2679 2
2680 2
2681 1
2682 3
2683 1
2684 4
2685 2
2686 0
2687 2
2688 2
2689 2
2690 1
2691 1
2692 6
2693 1
2694 3
2695 2
2696 5
2697 2
2698 6
2699 2
2700 4
2701 4
2702 3
2703 6
2704 2
2705 2
2706 6
2707 2
2708 2
2709 3
2710 2
2711 1
2712 2
2713 1
2714 5
2715 5
2716 2
2717 2
2718 2
2719 3
2720 4
2721 3
2722 2
2723 4
2724 3
2725 4
2726 2
2727 3
2728 5
2729 3
2730 3
2731 4
2732 4
2733 1
2734 2
2735 4
2736 2
2737 5
2738 3
2739 4
2740 2
2741 2
2742 2
2743 1
2744 3
2745 5
2746 1
2747 2
2748 2
2749 2
2750 2
2751 2
2752 5
2753 5
2754 3
2755 1
2756 2
2757 6
2758 2
2759 6
2760 3
2761 5
2762 1
2763 2
2764 5
2765 4
2766 2
2767 2
2768 2
2769 3
2770 1
2771 3
2772 3
2773 2
2774 1
2775 2
2776 1
2777 6
2778 3
2779 2
2780 3
2781 1
2782 4
2783 5
2784 6
2785 2
2786 2
2787 6
2788 1
2789 2
2790 6
2791 1
2792 3
2793 2
2794 5
2795 2
2796 2
2797 3
2798 1
2799 1
2800 2
2801 3
2802 2
2803 3
2804 6
2805 0
2806 3
2807 6
2808 2
2809 0
2810 2
2811 2
2812 2
2813 3
2814 3
2815 2
2816 3
2817 2
2818 4
2819 3
2820 1
2821 5
2822 2
2823 1
2824 2
2825 3
2826 2
2827 1
2828 4
2829 3
2830 2
2831 2
2832 2
2833 3
2834 3
2835 2
2836 1
2837 1
2838 2
2839 2
2840 5
2841 3
2842 2
2843 2
2844 2
2845 1
2846 1
2847 2
2848 4
2849 1
2850 2
2851 2
2852 0
2853 1
2854 2
2855 3
2856 2
2857 0
2858 1
2859 3
2860 2
2861 4
2862 2
2863 3
2864 2
2865 2
2866 4
2867 3
2868 5
2869 5
2870 2
2871 2
2872 1
2873 3
2874 2
2875 2
2876 3
2877 5
2878 1
2879 1
2880 2
2881 1
2882 1
2883 5
2884 1
2885 1
2886 2
2887 2
2888 3
2889 3
2890 1
2891 2
2892 2
2893 1
2894 2
2895 1
2896 2
2897 1
2898 3
2899 1
2900 2
2901 2
2902 2
2903 2
2904 3
2905 3
2906 3
2907 1
2908 2
2909 0
2910 2
2911 1
2912 3
2913 2
2914 2
2915 4
2916 2
2917 2
2918 1
2919 2
2920 5
2921 2
2922 3
2923 1
2924 2
2925 1
2926 2
2927 2
2928 1
2929 5
2930 1
2931 2
2932 3
2933 3
2934 2
2935 1
2936 1
2937 2
2938 2
2939 2
2940 3
2941 5
2942 3
2943 1
2944 3
2945 3
2946 2
2947 1
2948 2
2949 1
2950 3
2951 2
2952 2
2953 1
2954 3
2955 2
2956 1
2957 2
2958 3
2959 1
2960 5
2961 3
2962 1
2963 2
2964 3
2965 2
2966 2
2967 1
2968 2
2969 1
2970 2
2971 2
2972 1
2973 1
2974 3
2975 1
2976 1
2977 3
2978 3
2979 4
2980 4
2981 2
2982 1
2983 2
2984 1
2985 2
2986 1
2987 1
2988 3
2989 3
2990 5
2991 1
2992 1
2993 3
2994 2
2995 1
2996 3
2997 2
2998 2
2999 2
3000 1
3001 4
3002 1
3003 1
3004 2
3005 1
3006 3
3007 1
3008 3
3009 2
3010 2
3011 2
3012 4
3013 3
3014 6
3015 1
3016 3
3017 3
3018 5
3019 3
3020 4
3021 2
3022 2
3023 3
3024 3
3025 1
3026 1
3027 0
3028 1
3029 3
3030 1
3031 2
3032 1
3033 1
3034 2
3035 6
3036 2
3037 3
3038 5
3039 2
3040 2
3041 6
3042 1
3043 3
3044 4
3045 0
3046 2
3047 1
3048 5
3049 3
3050 1
3051 3
3052 2
3053 1
3054 2
3055 2
3056 2
3057 1
3058 3
3059 3
3060 4
3061 1
3062 1
3063 3
3064 1
3065 1
3066 2
3067 3
3068 1
3069 1
3070 2
3071 5
3072 2
3073 2
3074 2
3075 3
3076 1
3077 3
3078 2
3079 2
3080 2
3081 3
3082 5
3083 2
3084 2
3085 1
3086 0
3087 2
3088 4
3089 2
3090 2
3091 3
3092 4
3093 3
3094 2
3095 4
3096 2
3097 2
3098 2
3099 2
3100 1
3101 2
3102 2
3103 1
3104 3
3105 2
3106 2
3107 5
3108 2
3109 2
3110 1
3111 1
3112 2
3113 1
3114 3
3115 2
3116 3
3117 2
3118 4
3119 1
3120 2
3121 2
3122 2
3123 2
3124 2
3125 2
3126 2
3127 1
3128 2
3129 2
3130 2
3131 3
3132 1
3133 1
3134 2
3135 2
3136 2
3137 3
3138 6
3139 2
3140 2
3141 2
3142 5
3143 2
3144 1
3145 2
3146 2
3147 1
3148 1
3149 2
3150 2
3151 1
3152 2
3153 2
3154 2
3155 3
3156 2
3157 2
3158 2
3159 2
3160 2
3161 2
3162 1
3163 1
3164 3
3165 1
3166 2
3167 3
3168 5
3169 2
3170 5
3171 1
3172 2
3173 1
3174 3
3175 2
3176 2
3177 3
3178 1
3179 2
3180 2
3181 2
3182 5
3183 2
3184 1
3185 5
3186 3
3187 6
3188 2
3189 0
3190 2
3191 1
3192 2
3193 2
3194 1
3195 1
3196 1
3197 2
3198 1
3199 2
3200 4
3201 1
3202 3
3203 4
3204 3
3205 1
3206 3
3207 2
3208 2
3209 4
3210 5
3211 2
3212 2
3213 6
3214 5
3215 3
3216 3
3217 6
3218 1
3219 3
3220 2
3221 3
3222 2
3223 2
3224 1
3225 3
3226 2
3227 2
3228 6
3229 3
3230 2
3231 3
3232 5
3233 0
3234 1
3235 1
3236 3
3237 3
3238 2
3239 1
3240 5
3241 5
3242 2
3243 1
3244 1
3245 3
3246 3
3247 2
3248 2
3249 2
3250 3
3251 5
3252 3
3253 3
3254 2
3255 2
3256 2
3257 4
3258 1
3259 2
3260 4
3261 2
3262 5
3263 2
3264 2
3265 2
3266 2
3267 2
3268 1
3269 1
3270 3
3271 3
3272 3
3273 2
3274 3
3275 2
3276 2
3277 3
3278 4
3279 2
3280 2
3281 4
3282 3
3283 2
3284 2
3285 3
3286 6
3287 2
3288 4
3289 2
3290 2
3291 5
3292 4
3293 1
3294 1
3295 1
3296 1
3297 0
3298 2
3299 3
3300 2
3301 2
3302 6
3303 4
3304 6
3305 4
3306 5
3307 1
3308 2
3309 4
3310 2
3311 1
3312 3
3313 2
3314 2
3315 0
3316 2
3317 6
3318 6
3319 2
3320 3
3321 1
3322 3
3323 3
3324 3
3325 4
3326 1
3327 6
3328 5
3329 3
3330 2
3331 2
3332 1
3333 3
3334 2
3335 3
3336 2
3337 4
3338 2
3339 4
3340 2
3341 2
3342 1
3343 3
3344 2
3345 3
3346 3
3347 4
3348 1
3349 1
3350 1
3351 3
3352 3
3353 2
3354 2
3355 3
3356 2
3357 2
3358 2
3359 2
3360 2
3361 2
3362 3
3363 6
3364 5
3365 3
3366 5
3367 2
3368 4
3369 1
3370 2
3371 6
3372 1
3373 3
3374 2
3375 3
3376 2
3377 1
3378 3
3379 5
3380 2
3381 0
3382 6
3383 3
3384 2
3385 1
3386 1
3387 2
3388 1
3389 4
3390 1
3391 5
3392 3
3393 3
3394 2
3395 2
3396 2
3397 1
3398 2
3399 2
3400 3
3401 3
3402 3
3403 2
3404 3
3405 2
3406 4
3407 2
3408 2
3409 3
3410 1
3411 2
3412 2
3413 2
3414 3
3415 2
3416 1
3417 1
3418 4
3419 2
3420 4
3421 2
3422 2
3423 2
3424 1
3425 2
3426 2
3427 4
3428 2
3429 4
3430 4
3431 2
3432 1
3433 1
3434 4
3435 3
3436 2
3437 2
3438 1
3439 6
3440 2
3441 1
3442 3
3443 5
3444 3
3445 2
3446 2
3447 1
3448 2
3449 2
3450 2
3451 2
3452 3
3453 1
3454 2
3455 2
3456 2
3457 4
3458 1
3459 0
3460 3
3461 2
3462 2
3463 2
3464 2
3465 2
3466 2
3467 2
3468 4
3469 3
3470 1
3471 2
3472 3
3473 3
3474 2
3475 5
3476 5
3477 2
3478 1
3479 2
3480 1
3481 5
3482 4
3483 1
3484 2
3485 1
3486 1
3487 4
3488 1
3489 2
3490 2
3491 3
3492 2
3493 2
3494 1
3495 3
3496 3
3497 2
3498 2
3499 3
3500 3
3501 1
3502 1
3503 1
3504 2
3505 1
3506 2
3507 1
3508 1
3509 1
3510 5
3511 1
3512 2
3513 1
3514 3
3515 1
3516 1
3517 1
3518 2
3519 2
3520 2
3521 1
3522 3
3523 2
3524 1
3525 3
3526 2
3527 3
3528 4
3529 2
3530 2
3531 3
3532 2
3533 3
3534 4
3535 1
3536 0
3537 3
3538 2
3539 1
3540 2
3541 2
3542 2
3543 2
3544 3
3545 2
3546 3
3547 4
3548 3
3549 2
3550 6
3551 3
3552 3
3553 2
3554 6
3555 2
3556 1
3557 1
3558 1
3559 2
3560 3
3561 2
3562 2
3563 2
3564 2
3565 4
3566 2
3567 2
3568 1
3569 3
3570 1
3571 3
3572 0
3573 3
3574 2
3575 5
3576 6
3577 5
3578 1
3579 1
3580 1
3581 3
3582 2
3583 1
3584 3
3585 3
3586 3
3587 2
3588 4
3589 1
3590 3
3591 6
3592 2
3593 0
3594 2
3595 3
3596 2
3597 2
3598 3
3599 3
3600 2
3601 3
3602 0
3603 1
3604 2
3605 3
3606 3
3607 2
3608 1
3609 2
3610 2
3611 2
3612 2
3613 2
3614 4
3615 3
3616 6
3617 5
3618 2
3619 1
3620 1
3621 3
3622 2
3623 1
3624 2
3625 3
3626 2
3627 5
3628 1
3629 1
3630 5
3631 3
3632 5
3633 5
3634 2
3635 2
3636 2
3637 1
3638 3
3639 2
3640 2
3641 2
3642 2
3643 3
3644 3
3645 2
3646 1
3647 2
3648 2
3649 2
3650 2
3651 1
3652 2
3653 2
3654 4
3655 1
3656 2
3657 1
3658 3
3659 3
3660 3
3661 3
3662 3
3663 2
3664 4
3665 0
3666 4
3667 2
3668 4
3669 2
3670 3
3671 2
3672 2
3673 3
3674 3
3675 2
3676 2
3677 2
3678 2
3679 2
3680 5
3681 2
3682 2
3683 2
3684 2
3685 5
3686 1
3687 2
3688 1
3689 2
3690 3
3691 2
3692 2
3693 2
3694 3
3695 2
3696 2
3697 6
3698 2
3699 3
3700 3
3701 1
3702 3
3703 4
3704 2
3705 1
3706 6
3707 2
3708 0
3709 3
3710 2
3711 2
3712 2
3713 1
3714 1
3715 3
3716 5
3717 2
3718 4
3719 2
3720 2
3721 2
3722 3
3723 1
3724 2
3725 3
3726 1
3727 1
3728 2
3729 2
3730 2
3731 1
3732 1
3733 2
3734 3
3735 2
3736 4
3737 6
3738 1
3739 2
3740 2
3741 3
3742 2
3743 2
3744 2
3745 4
3746 1
3747 2
3748 1
3749 3
3750 1
3751 2
3752 6
3753 5
3754 1
3755 2
3756 3
3757 3
3758 5
3759 2
3760 5
3761 2
3762 2
3763 5
3764 1
3765 2
3766 2
3767 2
3768 3
3769 2
3770 3
3771 3
3772 2
3773 3
3774 2
3775 1
3776 2
3777 4
3778 0
3779 6
3780 2
3781 2
3782 2
3783 2
3784 2
3785 2
3786 1
3787 2
3788 2
3789 5
3790 2
3791 1
3792 1
3793 1
3794 4
3795 2
3796 2
3797 1
3798 1
3799 1
3800 1
3801 3
3802 2
3803 3
3804 1
3805 3
3806 2
3807 3
3808 5
3809 2
3810 3
3811 3
3812 2
3813 2
3814 2
3815 3
3816 4
3817 2
3818 2
3819 2
3820 4
3821 6
3822 2
3823 1
3824 2
3825 5
3826 2
3827 2
3828 1
3829 1
3830 2
3831 2
3832 1
3833 2
3834 5
3835 2
3836 2
3837 5
3838 2
3839 4
3840 3
3841 0
3842 1
3843 2
3844 3
3845 2
3846 2
3847 3
3848 1
3849 2
3850 5
3851 2
3852 2
3853 2
3854 3
3855 1
3856 4
3857 2
3858 4
3859 1
3860 2
3861 2
3862 5
3863 0
3864 4
3865 3
3866 1
3867 1
3868 2
3869 1
3870 2
3871 4
3872 2
3873 2
3874 2
3875 4
3876 3
3877 2
3878 2
3879 1
3880 6
3881 5
3882 1
3883 2
3884 3
3885 1
3886 4
3887 4
3888 1
3889 6
3890 2
3891 2
3892 3
3893 3
3894 3
3895 6
3896 4
3897 2
3898 2
3899 1
3900 2
3901 2
3902 0
3903 2
3904 5
3905 1
3906 2
3907 1
3908 2
3909 1
3910 2
3911 1
3912 3
3913 3
3914 2
3915 3
3916 2
3917 4
3918 3
3919 2
3920 1
3921 3
3922 5
3923 2
3924 2
3925 2
3926 2
3927 2
3928 6
3929 2
3930 2
3931 3
3932 2
3933 3
3934 3
3935 6
3936 2
3937 4
3938 3
3939 4
3940 1
3941 3
3942 3
3943 4
3944 2
3945 2
3946 4
3947 4
3948 2
3949 1
3950 4
3951 2
3952 1
3953 3
3954 2
3955 3
3956 4
3957 4
3958 3
3959 2
3960 6
3961 5
3962 6
3963 1
3964 2
3965 1
3966 2
3967 6
3968 2
3969 1
3970 2
3971 2
3972 3
3973 2
3974 2
3975 3
3976 3
3977 5
3978 2
3979 4
3980 6
3981 2
3982 2
3983 4
3984 2
3985 1
3986 2
3987 5
3988 2
3989 2
3990 2
3991 2
3992 5
3993 3
3994 1
3995 3
3996 4
3997 3
3998 3
3999 2
4000 4
4001 6
4002 5
4003 3
4004 0
4005 3
4006 1
4007 1
4008 2
4009 2
4010 1
4011 2
4012 2
4013 4
4014 5
4015 2
4016 4
4017 3
4018 2
4019 5
4020 3
4021 3
4022 2
4023 6
4024 2
4025 2
4026 2
4027 6
4028 3
4029 2
4030 2
4031 2
4032 2
4033 1
4034 2
4035 5
4036 5
4037 2
4038 2
4039 1
4040 3
4041 2
4042 3
4043 6
4044 4
4045 1
4046 3
4047 4
4048 3
4049 1
4050 2
4051 2
4052 3
4053 5
4054 0
4055 3
4056 2
4057 2
4058 2
4059 5
4060 2
4061 3
4062 4
4063 4
4064 2
4065 4
4066 6
4067 3
4068 2
4069 2
4070 5
4071 2
4072 3
4073 2
4074 2
4075 3
4076 2
4077 3
4078 3
4079 1
4080 2
4081 6
4082 6
4083 2
4084 0
4085 0
4086 2
4087 2
4088 6
4089 2
4090 2
4091 2
4092 2
4093 2
4094 2
4095 2
4096 3
4097 3
4098 6
4099 1
4100 0
4101 1
4102 1
4103 5
4104 2
4105 2
4106 3
4107 3
4108 4
4109 2
4110 4
4111 3
4112 3
4113 2
4114 3
4115 1
4116 2
4117 5
4118 2
4119 4
4120 1
4121 2
4122 2
4123 3
4124 2
4125 5
4126 3
4127 6
4128 3
4129 4
4130 2
4131 4
4132 4
4133 0
4134 5
4135 2
4136 2
4137 6
4138 2
4139 3
4140 6
4141 2
4142 1
4143 5
4144 3
4145 5
4146 3
4147 3
4148 2
4149 4
4150 2
4151 5
4152 2
4153 5
4154 6
4155 5
4156 0
4157 5
4158 3
4159 4
4160 2
4161 6
4162 3
4163 2
4164 2
4165 2
4166 4
4167 5
4168 4
4169 6
4170 3
4171 1
4172 3
4173 3
4174 4
4175 3
4176 5
4177 3
4178 6
4179 2
4180 2
4181 2
4182 5
4183 2
4184 2
4185 6
4186 5
4187 3
4188 4
4189 4
4190 3
4191 6
4192 1
4193 6
4194 3
4195 4
4196 1
4197 2
4198 4
4199 2
4200 2
4201 2
4202 3
4203 2
4204 3
4205 3
4206 3
4207 6
4208 2
4209 4
4210 6
4211 3
4212 2
4213 2
4214 2
4215 1
4216 5
4217 3
4218 3
4219 3
4220 4
4221 3
4222 4
4223 2
4224 3
4225 2
4226 5
4227 3
4228 6
4229 5
4230 3
4231 3
4232 4
4233 5
4234 2
4235 2
4236 3
4237 5
4238 3
4239 3
4240 5
4241 6
4242 3
4243 5
4244 3
4245 2
4246 2
4247 1
4248 5
4249 4
4250 3
4251 4
4252 2
4253 5
4254 0
4255 5
4256 2
4257 3
4258 2
4259 3
4260 3
4261 2
4262 4
4263 2
4264 6
4265 3
4266 4
4267 3
4268 4
4269 3
4270 4
4271 4
4272 4
4273 4
4274 4
4275 3
4276 4
4277 2
4278 3
4279 6
4280 3
4281 2
4282 5
4283 3
4284 3
4285 2
4286 2
4287 3
4288 2
4289 3
4290 2
4291 4
4292 0
4293 6
4294 4
4295 1
4296 2
4297 1
4298 3
4299 5
4300 2
4301 1
4302 4
4303 4
4304 2
4305 2
4306 2
4307 2
4308 5
4309 2
4310 2
4311 2
4312 1
4313 2
4314 3
4315 2
4316 3
4317 2
4318 4
4319 5
4320 1
4321 2
4322 2
4323 4
4324 3
4325 5
4326 2
4327 4
4328 3
4329 2
4330 5
4331 2
4332 3
4333 2
4334 1
4335 1
4336 2
4337 2
4338 3
4339 2
4340 2
4341 2
4342 2
4343 1
4344 1
4345 4
4346 1
4347 2
4348 1
4349 2
4350 3
4351 5
4352 3
4353 3
4354 3
4355 1
4356 2
4357 3
4358 2
4359 3
4360 2
4361 5
4362 1
4363 3
4364 1
4365 5
4366 2
4367 1
4368 3
4369 5
4370 1
4371 2
4372 2
4373 2
4374 1
4375 2
4376 2
4377 2
4378 2
4379 1
4380 2
4381 2
4382 2
4383 1
4384 4
4385 2
4386 2
4387 1
4388 1
4389 1
4390 2
4391 5
4392 1
4393 1
4394 1
4395 1
4396 1
4397 1
4398 1
4399 2
4400 2
4401 2
4402 2
4403 1
4404 4
4405 2
4406 1
4407 1
4408 1
4409 0
4410 2
4411 1
4412 1
4413 2
4414 5
4415 4
4416 2
4417 4
4418 2
4419 1
4420 2
4421 3
4422 4
4423 1
4424 2
4425 2
4426 2
4427 0
4428 2
4429 2
4430 3
4431 2
4432 2
4433 3
4434 5
4435 3
4436 3
4437 1
4438 5
4439 6
4440 2
4441 2
4442 1
4443 4
4444 2
4445 2
4446 2
4447 2
4448 2
4449 3
4450 2
4451 3
4452 3
4453 3
4454 2
4455 2
4456 2
4457 2
4458 2
4459 5
4460 5
4461 1
4462 3
4463 5
4464 3
4465 4
4466 3
4467 2
4468 4
4469 3
4470 3
4471 1
4472 4
4473 2
4474 0
4475 5
4476 2
4477 2
4478 3
4479 2
4480 2
4481 2
4482 2
4483 3
4484 1
4485 3
4486 1
4487 6
4488 0
4489 4
4490 1
4491 4
4492 5
4493 5
4494 2
4495 5
4496 2
4497 5
4498 6
4499 2
4500 5
4501 5
4502 1
4503 2
4504 2
4505 4
4506 3
4507 2
4508 6
4509 1
4510 6
4511 1
4512 1
4513 2
4514 5
4515 2
4516 3
4517 4
4518 1
4519 2
4520 2
4521 2
4522 1
4523 2
4524 3
4525 3
4526 1
4527 2
4528 2
4529 1
4530 1
4531 1
4532 4
4533 2
4534 3
4535 2
4536 0
4537 3
4538 2
4539 6
4540 2
4541 2
4542 1
4543 1
4544 0
4545 1
4546 1
4547 2
4548 3
4549 2
4550 1
4551 4
4552 2
4553 3
4554 2
4555 2
4556 2
4557 3
4558 2
4559 3
4560 3
4561 3
4562 1
4563 2
4564 2
4565 4
4566 3
4567 0
4568 5
4569 2
4570 0
4571 2
4572 3
4573 2
4574 1
4575 6
4576 2
4577 2
4578 5
4579 4
4580 3
4581 2
4582 3
4583 2
4584 2
4585 1
4586 2
4587 1
4588 4
4589 3
4590 2
4591 1
4592 2
4593 3
4594 3
4595 2
4596 3
4597 3
4598 3
4599 2
4600 2
4601 0
4602 2
4603 2
4604 2
4605 2
4606 1
4607 1
4608 2
4609 4
4610 2
4611 2
4612 2
4613 2
4614 2
4615 1
4616 2
4617 2
4618 2
4619 2
4620 2
4621 2
4622 6
4623 6
4624 1
4625 2
4626 1
4627 2
4628 0
4629 5
4630 1
4631 3
4632 2
4633 3
4634 2
4635 2
4636 2
4637 2
4638 5
4639 5
4640 2
4641 3
4642 1
4643 6
4644 2
4645 4
4646 2
4647 3
4648 3
4649 2
4650 2
4651 4
4652 2
4653 2
4654 1
4655 4
4656 1
4657 2
4658 4
4659 3
4660 3
4661 2
4662 3
4663 3
4664 3
4665 2
4666 6
4667 3
4668 3
4669 1
4670 4
4671 5
4672 3
4673 6
4674 3
4675 3
4676 2
4677 2
4678 2
4679 3
4680 1
4681 3
4682 2
4683 1
4684 0
4685 4
4686 2
4687 1
4688 6
4689 1
4690 1
4691 1
4692 2
4693 1
4694 1
4695 4
4696 2
4697 2
4698 1
4699 1
4700 2
4701 0
4702 2
4703 4
4704 3
4705 2
4706 3
4707 2
4708 5
4709 2
4710 2
4711 4
4712 3
4713 3
4714 2
4715 3
4716 3
4717 3
4718 6
4719 3
4720 3
4721 6
4722 2
4723 5
4724 5
4725 2
4726 2
4727 1
4728 5
4729 4
4730 1
4731 3
4732 6
4733 2
4734 2
4735 3
4736 2
4737 6
4738 5
4739 1
4740 5
4741 1
4742 4
4743 4
4744 2
4745 5
4746 1
4747 6
4748 1
4749 6
4750 6
4751 3
4752 6
4753 5
4754 3
4755 1
4756 2
4757 6
4758 0
4759 3
4760 3
4761 3
4762 2
4763 2
4764 3
4765 2
4766 6
4767 4
4768 4
4769 2
4770 2
4771 2
4772 2
4773 4
4774 2
4775 5
4776 4
4777 2
4778 3
4779 2
4780 4
4781 0
4782 3
4783 3
4784 2
4785 1
4786 5
4787 2
4788 3
4789 4
4790 3
4791 3
4792 2
4793 1
4794 1
4795 2
4796 6
4797 2
4798 3
4799 3
4800 2
4801 0
4802 3
4803 5
4804 1
4805 3
4806 1
4807 3
4808 1
4809 5
4810 4
4811 2
4812 2
4813 3
4814 5
4815 1
4816 3
4817 1
4818 2
4819 2
4820 4
4821 3
4822 1
4823 2
4824 0
4825 2
4826 2
4827 3
4828 4
4829 2
4830 4
4831 2
4832 4
4833 5
4834 4
4835 2
4836 3
4837 6
4838 4
4839 2
4840 2
4841 2
4842 3
4843 1
4844 4
4845 1
4846 3
4847 2
4848 5
4849 2
4850 2
4851 2
4852 2
4853 1
4854 2
4855 2
4856 2
4857 2
4858 1
4859 3
4860 6
4861 2
4862 3
4863 4
4864 3
4865 1
4866 4
4867 6
4868 2
4869 3
4870 3
4871 2
4872 5
4873 2
4874 4
4875 4
4876 4
4877 0
4878 3
4879 6
4880 3
4881 1
4882 6
4883 1
4884 2
4885 3
4886 2
4887 2
4888 3
4889 2
4890 3
4891 3
4892 2
4893 2
4894 2
4895 2
4896 3
4897 3
4898 5
4899 4
4900 5
4901 5
4902 3
4903 3
4904 1
4905 2
4906 5
4907 2
4908 2
4909 2
4910 1
4911 4
4912 1
4913 1
4914 3
4915 2
4916 1
4917 4
4918 3
4919 3
4920 0
4921 4
4922 2
4923 4
4924 5
4925 5
4926 2
4927 2
4928 2
4929 3
4930 1
4931 3
4932 1
4933 2
4934 5
4935 6
4936 4
4937 5
4938 5
4939 5
4940 3
4941 3
4942 4
4943 1
4944 2
4945 3
4946 2
4947 3
4948 4
4949 6
4950 3
4951 2
4952 1
4953 2
4954 6
4955 2
4956 2
4957 4
4958 3
4959 0
4960 5
4961 1
4962 5
4963 1
4964 2
4965 3
4966 3
4967 6
4968 3
4969 3
4970 2
4971 2
4972 3
4973 3
4974 2
4975 5
4976 2
4977 4
4978 3
4979 3
4980 1
4981 6
4982 2
4983 2
4984 2
4985 6
4986 2
4987 4
4988 4
4989 5
4990 3
4991 0
4992 1
4993 6
4994 2
4995 2
4996 2
4997 3
4998 6
4999 4
5000 3
5001 1
5002 2
5003 4
5004 4
5005 1
5006 5
5007 1
5008 4
5009 3
5010 3
5011 3
5012 6
5013 2
5014 6
5015 5
5016 3
5017 3
5018 4
5019 2
5020 2
5021 2
5022 2
5023 2
5024 1
5025 2
5026 1
5027 6
5028 2
5029 2
5030 3
5031 3
5032 2
5033 3
5034 4
5035 4
5036 1
5037 1
5038 3
5039 3
5040 2
5041 4
5042 3
5043 2
5044 1
5045 5
5046 3
5047 2
5048 3
5049 3
5050 4
5051 5
5052 6
5053 4
5054 4
5055 1
5056 5
5057 0
5058 1
5059 2
5060 2
5061 6
5062 3
5063 6
5064 2
5065 2
5066 4
5067 6
5068 0
5069 5
5070 2
5071 2
5072 4
5073 2
5074 5
5075 1
5076 3
5077 2
5078 1
5079 6
5080 2
5081 2
5082 2
5083 3
5084 3
5085 2
5086 6
5087 5
5088 1
5089 3
5090 2
5091 6
5092 5
5093 1
5094 5
5095 2
5096 2
5097 3
5098 3
5099 5
5100 3
5101 4
5102 2
5103 4
5104 3
5105 3
5106 3
5107 2
5108 0
5109 6
5110 3
5111 2
5112 0
5113 2
5114 5
5115 2
5116 2
5117 5
5118 3
5119 4
5120 2
5121 4
5122 5
5123 4
5124 5
5125 2
5126 3
5127 1
5128 2
5129 3
5130 2
5131 1
5132 2
5133 5
5134 2
5135 1
5136 2
5137 1
5138 5
5139 3
5140 6
5141 1
5142 2
5143 3
5144 2
5145 1
5146 2
5147 2
5148 2
5149 2
5150 1
5151 3
5152 1
5153 3
5154 1
5155 2
5156 2
5157 4
5158 3
5159 3
5160 5
5161 1
5162 3
5163 5
5164 1
5165 6
5166 3
5167 0
5168 4
5169 3
5170 0
5171 4
5172 5
5173 2
5174 3
5175 2
5176 3
5177 1
5178 1
5179 3
5180 3
5181 1
5182 3
5183 4
5184 3
5185 2
5186 2
5187 3
5188 2
5189 3
5190 6
5191 6
5192 1
5193 2
5194 3
5195 5
5196 1
5197 4
5198 5
5199 2
5200 3
5201 2
5202 2
5203 5
5204 3
5205 2
5206 1
5207 1
5208 3
5209 6
5210 1
5211 2
5212 1
5213 1
5214 2
5215 6
5216 2
5217 6
5218 3
5219 1
5220 3
5221 1
5222 0
5223 2
5224 2
5225 3
5226 2
5227 2
5228 2
5229 2
5230 2
5231 2
5232 5
5233 3
5234 2
5235 2
5236 2
5237 0
5238 1
5239 4
5240 1
5241 0
5242 4
5243 4
5244 5
5245 2
5246 2
5247 6
5248 1
5249 0
5250 2
5251 2
5252 3
5253 2
5254 3
5255 3
5256 2
5257 3
5258 1
5259 4
5260 3
5261 3
5262 2
5263 1
5264 2
5265 2
5266 2
5267 6
5268 2
5269 2
5270 2
5271 2
5272 2
5273 2
5274 1
5275 2
5276 1
5277 1
5278 2
5279 1
5280 4
5281 2
5282 6
5283 4
5284 1
5285 4
5286 2
5287 2
5288 2
5289 3
5290 0
5291 2
5292 3
5293 2
5294 2
5295 2
5296 0
5297 6
5298 3
5299 1
5300 2
5301 2
5302 6
5303 2
5304 6
5305 5
5306 2
5307 6
5308 2
5309 2
5310 1
5311 2
5312 1
5313 1
5314 1
5315 2
5316 3
5317 2
5318 2
5319 5
5320 2
5321 2
5322 2
5323 2
5324 2
5325 3
5326 1
5327 2
5328 6
5329 2
5330 6
5331 3
5332 2
5333 1
5334 5
5335 2
5336 3
5337 2
5338 5
5339 2
5340 2
5341 2
5342 1
5343 5
5344 1
5345 4
5346 3
5347 2
5348 4
5349 6
5350 4
5351 1
5352 3
5353 1
5354 1
5355 5
5356 3
5357 6
5358 2
5359 1
5360 1
5361 1
5362 2
5363 2
5364 2
5365 2
5366 2
5367 1
5368 3
5369 2
5370 2
5371 1
5372 3
5373 2
5374 1
5375 2
5376 1
5377 3
5378 2
5379 2
5380 2
5381 2
5382 1
5383 4
5384 0
5385 2
5386 5
5387 3
5388 1
5389 5
5390 2
5391 1
5392 6
5393 2
5394 1
5395 1
5396 2
5397 0
5398 2
5399 5
5400 3
5401 3
5402 2
5403 4
5404 4
5405 0
5406 2
5407 3
5408 0
5409 2
5410 2
5411 1
5412 2
5413 1
5414 0
5415 3
5416 5
5417 5
5418 3
5419 1
5420 2
5421 3
5422 2
5423 2
5424 4
5425 6
5426 6
5427 3
5428 2
5429 4
5430 1
5431 2
5432 2
5433 6
5434 4
5435 5
5436 2
5437 2
5438 1
5439 2
5440 5
5441 4
5442 4
5443 1
5444 1
5445 2
5446 3
5447 1
5448 3
5449 1
5450 3
5451 1
5452 1
5453 0
5454 1
5455 5
5456 2
5457 3
5458 3
5459 2
5460 2
5461 3
5462 2
5463 3
5464 6
5465 1
5466 3
5467 2
5468 2
5469 2
5470 3
5471 3
5472 3
5473 3
5474 2
5475 4
5476 1
5477 2
5478 4
5479 2
5480 2
5481 2
5482 2
5483 1
5484 4
5485 1
5486 1
5487 3
5488 3
5489 1
5490 2
5491 2
5492 5
5493 2
5494 3
5495 2
5496 2
5497 2
5498 4
5499 2
5500 1
5501 4
5502 2
5503 2
5504 1
5505 4
5506 2
5507 3
5508 0
5509 1
5510 5
5511 6
5512 5
5513 3
5514 4
5515 2
5516 2
5517 3
5518 0
5519 0
5520 3
5521 2
5522 5
5523 1
5524 1
5525 5
5526 2
5527 5
5528 4
5529 2
5530 2
5531 6
5532 4
5533 2
5534 3
5535 6
5536 4
5537 2
5538 2
5539 3
5540 1
5541 1
5542 1
5543 5
5544 3
5545 3
5546 5
5547 3
5548 2
5549 0
5550 4
5551 3
5552 0
5553 5
5554 3
5555 2
5556 3
5557 2
5558 4
5559 1
5560 3
5561 5
5562 1
5563 1
5564 2
5565 2
5566 2
5567 3
5568 2
5569 3
5570 2
5571 5
5572 1
5573 3
5574 4
5575 2
5576 4
5577 6
5578 5
5579 2
5580 3
5581 2
5582 2
5583 2
5584 4
5585 1
5586 2
5587 5
5588 4
5589 2
5590 3
5591 1
5592 1
5593 3
5594 4
5595 3
5596 3
5597 5
5598 3
5599 1
5600 2
5601 1
5602 1
5603 5
5604 2
5605 3
5606 2
5607 3
5608 2
5609 3
5610 4
5611 2
5612 1
5613 1
5614 3
5615 2
5616 3
5617 2
5618 2
5619 2
5620 6
5621 2
5622 1
5623 2
5624 3
5625 3
5626 1
5627 5
5628 2
5629 3
5630 2
5631 0
5632 1
5633 1
5634 3
5635 2
5636 0
5637 3
5638 1
5639 2
5640 1
5641 1
5642 2
5643 1
5644 3
5645 2
5646 1
5647 5
5648 2
5649 2
5650 2
5651 5
5652 6
5653 2
5654 2
5655 2
5656 0
5657 3
5658 1
5659 1
5660 1
5661 3
5662 2
5663 6
5664 1
5665 2
5666 2
5667 3
5668 3
5669 3
5670 2
5671 2
5672 3
5673 3
5674 5
5675 2
5676 1
5677 1
5678 1
5679 2
5680 6
5681 0
5682 1
5683 2
5684 1
5685 3
5686 2
5687 2
5688 2
5689 3
5690 2
5691 2
5692 3
5693 3
5694 1
5695 2
5696 1
5697 6
5698 1
5699 1
5700 1
5701 2
5702 3
5703 1
5704 2
5705 2
5706 3
5707 5
5708 3
5709 1
5710 0
5711 2
5712 3
5713 6
5714 2
5715 4
5716 2
5717 1
5718 2
5719 1
5720 2
5721 2
5722 3
5723 1
5724 1
5725 2
5726 2
5727 2
5728 2
5729 2
5730 2
5731 4
5732 2
5733 2
5734 2
5735 5
5736 2
5737 3
5738 2
5739 1
5740 1
5741 2
5742 2
5743 2
5744 1
5745 0
5746 6
5747 1
5748 1
5749 3
5750 0
5751 0
5752 5
5753 2
5754 1
5755 2
5756 3
5757 2
5758 5
5759 2
5760 6
5761 2
5762 0
5763 4
5764 2
5765 2
5766 3
5767 2
5768 1
5769 2
5770 1
5771 0
5772 3
5773 2
5774 1
5775 2
5776 3
5777 4
5778 1
5779 2
5780 2
5781 2
5782 2
5783 2
5784 3
5785 1
5786 2
5787 2
5788 3
5789 2
5790 2
5791 2
5792 3
5793 2
5794 3
5795 2
5796 2
5797 0
5798 3
5799 2
5800 5
5801 3
5802 2
5803 2
5804 5
5805 1
5806 2
5807 2
5808 2
5809 2
5810 2
5811 2
5812 2
5813 5
5814 4
5815 2
5816 3
5817 2
5818 1
5819 2
5820 1
5821 2
5822 2
5823 2
5824 1
5825 2
5826 2
5827 3
5828 6
5829 3
5830 2
5831 2
5832 4
5833 2
5834 0
5835 3
5836 2
5837 3
5838 0
5839 2
5840 4
5841 1
5842 5
5843 3
5844 1
5845 2
5846 5
5847 4
5848 5
5849 2
5850 4
5851 2
5852 2
5853 2
5854 5
5855 2
5856 2
5857 5
5858 2
5859 2
5860 4
5861 3
5862 2
5863 2
5864 2
5865 2
5866 1
5867 2
5868 2
5869 5
5870 1
5871 2
5872 3
5873 2
5874 3
5875 3
5876 1
5877 1
5878 2
5879 2
5880 3
5881 2
5882 5
5883 3
5884 1
5885 4
5886 2
5887 3
5888 2
5889 2
5890 2
5891 1
5892 3
5893 2
5894 3
5895 5
5896 2
5897 4
5898 3
5899 1
5900 2
5901 2
5902 1
5903 4
5904 2
5905 2
5906 1
5907 3
5908 1
5909 5
5910 5
5911 2
5912 1
5913 2
5914 2
5915 6
5916 2
5917 3
5918 2
5919 5
5920 3
5921 4
5922 3
5923 3
5924 1
5925 1
5926 2
5927 2
5928 1
5929 1
5930 2
5931 2
5932 4
5933 5
5934 2
5935 4
5936 4
5937 1
5938 3
5939 6
5940 4
5941 6
5942 1
5943 2
5944 1
5945 4
5946 0
5947 4
5948 2
5949 1
5950 1
5951 4
5952 1
5953 4
5954 4
5955 3
5956 2
5957 1
5958 2
5959 3
5960 5
5961 6
5962 4
5963 3
5964 3
5965 2
5966 0
5967 2
5968 2
5969 2
5970 3
5971 3
5972 2
5973 6
5974 3
5975 3
5976 2
5977 2
5978 1
5979 6
5980 2
5981 2
5982 0
5983 2
5984 3
5985 1
5986 5
5987 3
5988 3
5989 2
5990 2
5991 1
5992 2
5993 4
5994 2
5995 5
5996 4
5997 2
5998 2
5999 0
6000 3
6001 1
6002 2
6003 3
6004 3
6005 3
6006 2
6007 4
6008 2
6009 4
6010 3
6011 3
6012 2
6013 5
6014 2
6015 2
6016 2
6017 2
6018 2
6019 3
6020 1
6021 1
6022 2
6023 2
6024 1
6025 4
6026 5
6027 2
6028 2
6029 2
6030 4
6031 6
6032 4
6033 2
