0 0
1 1
2 1
3 1
4 1
5 0
6 1
7 1
8 1
9 0
10 0
11 1
12 1
13 1
14 1
15 0
16 1
17 0
18 1
19 1
20 1
21 1
22 1
23 0
24 1
25 1
26 1
27 0
28 1
29 0
30 1
31 0
32 1
33 0
34 1
35 1
36 0
37 0
38 1
39 1
40 0
41 1
42 1
43 1
44 0
45 1
46 1
47 1
48 1
49 0
50 0
51 1
52 1
53 1
54 0
55 1
56 1
57 1
58 0
59 1
60 1
61 0
62 1
63 1
64 1
65 1
66 0
67 1
68 0
69 1
70 1
71 0
72 1
73 1
74 0
75 1
76 1
77 0
78 0
79 1
80 0
81 1
82 0
83 1
84 1
85 0
86 1
87 0
88 0
89 1
90 1
91 0
92 1
93 1
94 1
95 0
96 0
97 0
98 0
99 1
100 0
101 1
102 1
103 1
104 1
105 0
106 1
107 1
108 1
109 1
110 1
111 1
112 1
113 0
114 1
115 1
116 1
117 1
118 0
119 1
120 1
121 0
122 1
123 1
124 1
125 1
126 0
127 1
128 1
129 1
130 1
131 1
132 0
133 1
134 1
135 1
136 0
137 1
138 0
139 0
140 1
141 1
142 1
143 1
144 1
145 0
146 1
147 1
148 1
149 1
150 0
151 1
152 1
153 1
154 1
155 0
156 1
157 1
158 0
159 1
160 1
161 0
162 1
163 0
164 1
165 1
166 0
167 0
168 1
169 1
170 0
171 1
172 1
173 1
174 0
175 0
176 1
177 1
178 1
179 1
180 1
181 1
182 0
183 0
184 1
185 1
186 0
187 1
188 1
189 1
190 1
191 1
192 0
193 0
194 1
195 0
196 1
197 1
198 1
199 0
200 0
201 1
202 0
203 1
204 1
205 1
206 1
207 1
208 1
209 0
210 1
211 1
212 0
213 1
214 1
215 1
216 1
217 1
218 0
219 1
220 0
221 1
222 1
223 0
224 1
225 1
226 1
227 1
228 1
229 1
230 1
231 1
232 0
233 1
234 1
235 1
236 1
237 0
238 1
239 1
240 1
241 0
242 1
243 1
244 1
245 0
246 1
247 1
248 0
249 1
250 1
251 1
252 0
253 1
254 1
255 1
256 1
257 1
258 1
259 1
260 1
261 0
262 0
263 1
264 0
265 1
266 1
267 0
268 1
269 1
270 1
271 1
272 1
273 1
274 1
275 1
276 0
277 1
278 1
279 1
280 0
281 1
282 1
283 1
284 0
285 1
286 1
287 0
288 0
289 0
290 1
291 1
292 1
293 0
294 1
295 1
296 1
297 0
298 1
299 1
300 1
301 1
302 1
303 1
304 0
305 1
306 1
307 1
308 1
309 0
310 1
311 0
312 0
313 0
314 0
315 1
316 1
317 0
318 0
319 1
320 1
321 1
322 1
323 1
324 0
325 1
326 1
327 1
328 1
329 1
330 1
331 1
332 1
333 0
334 1
335 1
336 1
337 1
338 1
339 0
340 0
341 1
342 0
343 1
344 1
345 0
346 0
347 1
348 1
349 1
350 1
351 1
352 0
353 1
354 1
355 1
356 1
357 0
358 1
359 1
360 0
361 1
362 1
363 0
364 0
365 1
366 1
367 1
368 1
369 1
370 1
371 0
372 0
373 0
374 1
375 1
376 1
377 0
378 0
379 1
380 1
381 0
382 0
383 1
384 1
385 1
386 0
387 0
388 1
389 1
390 1
391 1
392 1
393 1
394 1
395 1
396 1
397 1
398 0
399 0
400 1
401 1
402 1
403 1
404 1
405 1
406 1
407 1
408 1
409 0
410 0
411 1
412 1
413 1
414 0
415 1
416 0
417 0
418 1
419 1
420 0
421 1
422 1
423 1
424 1
425 1
426 1
427 0
428 1
429 0
430 1
431 1
432 1
433 0
434 1
435 1
436 1
437 1
438 1
439 1
440 1
441 1
442 1
443 1
444 1
445 0
446 0
447 1
448 1
449 1
450 1
451 1
452 1
453 1
454 0
455 1
456 1
457 1
458 0
459 1
460 1
461 1
462 1
463 0
464 1
465 1
466 0
467 0
468 1
469 0
470 1
471 1
472 0
473 1
474 0
475 1
476 1
477 1
478 1
479 0
480 1
481 1
482 1
483 0
484 1
485 1
486 0
487 1
488 1
489 1
490 1
491 1
492 1
493 0
494 1
495 1
496 0
497 1
498 0
499 0
500 1
501 1
502 1
503 1
504 1
505 1
506 0
507 1
508 1
509 1
510 0
511 1
512 1
513 1
514 1
515 0
516 0
517 0
518 0
519 0
520 1
521 1
522 1
523 1
524 1
525 1
526 0
527 0
528 1
529 1
530 0
531 1
532 1
533 1
534 1
535 1
536 1
537 1
538 1
539 1
540 0
541 1
542 1
543 1
544 1
545 0
546 1
547 0
548 1
549 1
550 1
551 1
552 1
553 1
554 1
555 0
556 1
557 1
558 0
559 1
560 0
561 1
562 1
563 1
564 1
565 1
566 1
567 0
568 0
569 1
570 1
571 1
572 0
573 1
574 1
575 0
576 1
577 1
578 1
579 1
580 1
581 1
582 0
583 0
584 1
585 1
586 1
587 0
588 1
589 0
590 1
591 1
592 0
593 0
594 1
595 0
596 1
597 1
598 1
599 1
600 0
601 0
602 0
603 1
604 0
605 0
606 1
607 1
608 1
609 1
610 1
611 1
612 1
613 1
614 1
615 1
616 0
617 1
618 0
619 1
620 1
621 1
622 1
623 1
624 0
625 1
626 1
627 0
628 0
629 0
630 1
631 1
632 1
633 0
634 1
635 1
636 1
637 1
638 1
639 1
640 0
641 0
642 1
643 1
644 1
645 1
646 1
647 0
648 1
649 1
650 1
651 1
652 1
653 1
654 0
655 0
656 0
657 0
658 0
659 1
660 1
661 1
662 0
663 1
664 1
665 0
666 1
667 0
668 1
669 1
670 1
671 1
672 1
673 1
674 1
675 1
676 1
677 1
678 1
679 1
680 1
681 1
682 1
683 1
684 1
685 1
686 0
687 1
688 0
689 1
690 1
691 0
692 1
693 1
694 0
695 1
696 0
697 1
698 1
699 1
700 0
701 1
702 0
703 0
704 1
705 1
706 1
707 1
708 1
709 1
710 1
711 1
712 1
713 1
714 1
715 1
716 1
717 1
718 1
719 1
720 0
721 1
722 1
723 1
724 1
725 0
726 1
727 1
728 1
729 1
730 1
731 1
732 1
733 1
734 1
735 1
736 1
737 1
738 1
739 1
740 1
741 1
742 0
743 1
744 1
745 0
746 1
747 1
748 1
749 0
750 0
751 0
752 1
753 1
754 0
755 1
756 1
757 1
758 0
759 1
760 1
761 1
762 1
763 1
764 1
765 0
766 1
767 1
768 1
769 1
770 0
771 1
772 1
773 1
774 1
775 0
776 1
777 1
778 1
779 1
780 1
781 1
782 1
783 1
784 1
785 1
786 1
787 1
788 1
789 1
790 1
791 1
792 0
793 1
794 0
795 1
796 0
797 0
798 0
799 0
800 0
801 1
802 1
803 1
804 1
805 1
806 1
807 1
808 1
809 1
810 1
811 1
812 1
813 0
814 1
815 1
816 1
817 1
818 1
819 1
820 1
821 0
822 1
823 1
824 1
825 0
826 1
827 1
828 1
829 1
830 0
831 1
832 1
833 0
834 1
835 1
836 1
837 1
838 1
839 0
840 0
841 0
842 1
843 1
844 0
845 1
846 0
847 1
848 1
849 1
850 1
851 1
852 1
853 0
854 0
855 0
856 1
857 1
858 1
859 1
860 1
861 1
862 1
863 0
864 1
865 1
866 1
867 1
868 1
869 0
870 1
871 1
872 1
873 1
874 1
875 1
876 1
877 1
878 1
879 1
880 1
881 1
882 0
883 1
884 1
885 0
886 0
887 0
888 1
889 1
890 1
891 1
892 0
893 1
894 1
895 1
896 1
897 1
898 0
899 0
900 0
901 1
902 1
903 1
904 0
905 1
906 0
907 0
908 1
909 0
910 1
911 0
912 1
913 0
914 1
915 0
916 1
917 0
918 0
919 1
920 1
921 1
922 1
923 1
924 0
925 1
926 0
927 0
928 1
929 1
930 0
931 0
932 1
933 0
934 1
935 1
936 1
937 0
938 0
939 1
940 1
941 0
942 0
943 1
944 1
945 1
946 1
947 1
948 1
949 1
950 1
951 1
952 1
953 0
954 0
955 1
956 1
957 1
958 1
959 1
960 1
961 0
962 1
963 1
964 1
965 1
966 0
967 1
968 0
969 1
970 1
971 1
972 0
973 1
974 1
975 1
976 1
977 1
978 1
979 1
980 1
981 0
982 0
983 1
984 1
985 0
986 0
987 1
988 1
989 1
990 0
991 0
992 1
993 1
994 0
995 1
996 1
997 1
998 1
999 0
1000 1
1001 1
1002 1
1003 1
1004 1
1005 1
1006 1
1007 1
1008 1
1009 1
1010 1
1011 0
1012 1
1013 0
1014 1
1015 1
1016 1
1017 1
1018 1
1019 1
1020 1
1021 1
1022 1
1023 0
1024 1
1025 0
1026 1
1027 0
1028 1
1029 1
1030 1
1031 1
1032 1
1033 0
1034 1
1035 1
1036 1
1037 0
1038 0
1039 1
1040 1
1041 1
1042 0
1043 1
1044 0
1045 1
1046 1
1047 1
1048 1
1049 1
1050 0
1051 0
1052 1
1053 1
1054 1
1055 1
1056 1
1057 1
1058 0
1059 1
1060 1
1061 1
1062 1
1063 1
1064 0
1065 1
1066 1
1067 0
1068 1
1069 0
1070 1
1071 0
1072 0
1073 1
1074 0
1075 0
1076 1
1077 0
1078 1
1079 1
1080 1
1081 1
1082 1
1083 1
1084 1
1085 1
1086 1
1087 0
1088 1
1089 1
1090 1
1091 0
1092 1
1093 0
1094 0
1095 1
1096 1
1097 1
1098 1
1099 1
1100 1
1101 1
1102 0
1103 1
1104 1
1105 1
1106 0
1107 1
1108 1
1109 0
1110 0
1111 1
1112 1
1113 0
1114 0
1115 1
1116 1
1117 1
1118 1
1119 1
1120 1
1121 1
1122 1
1123 1
1124 0
1125 1
1126 1
1127 1
1128 1
1129 1
1130 1
1131 1
1132 1
1133 1
1134 1
1135 0
1136 1
1137 1
1138 1
1139 0
1140 0
1141 1
1142 1
1143 1
1144 1
1145 0
1146 1
1147 1
1148 1
1149 0
1150 1
1151 1
1152 1
1153 0
1154 1
1155 0
1156 1
1157 0
1158 1
1159 1
1160 1
1161 0
1162 1
1163 0
1164 1
1165 1
1166 0
1167 0
1168 1
1169 1
1170 1
1171 0
1172 0
1173 0
1174 0
1175 1
1176 0
1177 1
1178 1
1179 0
1180 1
1181 1
1182 1
1183 0
1184 0
1185 1
1186 0
1187 1
1188 1
1189 1
1190 0
1191 1
1192 1
1193 0
1194 0
1195 0
1196 1
1197 1
1198 1
1199 1
1200 1
1201 1
1202 0
1203 1
1204 0
1205 0
1206 1
1207 1
1208 1
1209 1
1210 1
1211 0
1212 1
1213 1
1214 1
1215 1
1216 1
1217 1
1218 1
1219 1
1220 1
1221 1
1222 1
1223 1
1224 1
1225 1
1226 1
1227 1
1228 0
1229 1
1230 1
1231 0
1232 0
1233 1
1234 0
1235 0
1236 1
1237 0
1238 0
1239 0
1240 1
1241 0
1242 1
1243 1
1244 1
1245 1
1246 1
1247 0
1248 1
1249 1
1250 1
1251 1
1252 0
1253 0
1254 1
1255 1
1256 0
1257 1
1258 1
1259 1
1260 1
1261 1
1262 1
1263 1
1264 0
1265 1
1266 1
1267 1
1268 0
1269 1
1270 0
1271 1
1272 1
1273 1
1274 1
1275 1
1276 0
1277 1
1278 1
1279 1
1280 1
1281 1
1282 0
1283 1
1284 1
1285 1
1286 0
1287 0
1288 1
1289 1
1290 0
1291 1
1292 1
1293 0
1294 0
1295 1
1296 1
1297 1
1298 1
1299 1
1300 0
1301 1
1302 1
1303 1
1304 1
1305 1
1306 1
1307 1
1308 1
1309 1
1310 1
1311 1
1312 1
1313 0
1314 1
1315 1
1316 1
1317 1
1318 0
1319 1
1320 0
1321 1
1322 0
1323 1
1324 1
1325 0
1326 1
1327 1
1328 1
1329 1
1330 1
1331 1
1332 1
1333 1
1334 1
1335 0
1336 1
1337 1
1338 1
1339 1
1340 1
1341 1
1342 1
1343 0
1344 0
1345 1
1346 0
1347 0
1348 1
1349 0
1350 0
1351 1
1352 1
1353 0
1354 0
1355 0
1356 1
1357 1
1358 1
1359 1
1360 0
1361 1
1362 1
1363 0
1364 0
1365 1
1366 1
1367 0
1368 1
1369 1
1370 0
1371 1
1372 0
1373 1
1374 0
1375 0
1376 1
1377 0
1378 0
1379 1
1380 1
1381 0
1382 0
1383 1
1384 0
1385 0
1386 0
1387 1
1388 1
1389 1
1390 1
1391 1
1392 1
1393 0
1394 1
1395 0
1396 1
1397 0
1398 1
1399 1
1400 0
1401 1
1402 0
1403 1
1404 1
1405 1
1406 0
1407 1
1408 1
1409 1
1410 1
1411 1
1412 1
1413 1
1414 1
1415 1
1416 1
1417 1
1418 0
1419 1
1420 0
1421 1
1422 1
1423 1
1424 1
1425 1
1426 1
1427 0
1428 0
1429 1
1430 1
1431 1
1432 0
1433 0
1434 1
1435 0
1436 1
1437 1
1438 1
1439 1
1440 1
1441 1
1442 1
1443 0
1444 1
1445 1
1446 1
1447 0
1448 1
1449 1
1450 1
1451 0
1452 1
1453 1
1454 0
1455 1
1456 1
1457 1
1458 0
1459 0
1460 0
1461 1
1462 1
1463 1
1464 1
1465 1
1466 1
1467 1
1468 1
1469 1
1470 1
1471 1
1472 1
1473 1
1474 0
1475 0
1476 0
1477 1
1478 0
1479 1
1480 1
1481 1
1482 1
1483 1
1484 0
1485 1
1486 1
1487 1
1488 0
1489 1
1490 1
1491 1
1492 0
1493 1
1494 1
1495 1
1496 1
1497 1
1498 1
1499 1
1500 1
1501 1
1502 1
1503 1
1504 1
1505 1
1506 1
1507 0
1508 1
1509 0
1510 1
1511 1
1512 0
1513 1
1514 1
1515 0
1516 1
1517 1
1518 1
1519 1
1520 0
1521 1
1522 1
1523 1
1524 0
1525 1
1526 1
1527 1
1528 1
1529 1
1530 1
1531 1
1532 1
1533 1
1534 0
1535 0
1536 1
1537 1
1538 1
1539 1
1540 1
1541 1
1542 1
1543 1
1544 1
1545 1
1546 1
1547 1
1548 1
1549 1
1550 1
1551 1
1552 0
1553 0
1554 0
1555 1
1556 0
1557 1
1558 1
1559 0
1560 0
1561 1
1562 0
1563 1
1564 1
1565 1
1566 1
1567 0
1568 0
1569 1
1570 1
1571 0
1572 1
1573 1
1574 0
1575 0
1576 1
1577 1
1578 1
1579 0
1580 0
1581 1
1582 1
1583 1
1584 1
1585 1
1586 0
1587 1
1588 1
1589 1
1590 1
1591 1
1592 1
1593 0
1594 1
1595 0
1596 1
1597 1
1598 1
1599 1
1600 1
1601 0
1602 0
1603 1
1604 0
1605 0
1606 1
1607 1
1608 0
1609 1
1610 1
1611 1
1612 1
1613 1
1614 0
1615 1
1616 1
1617 1
1618 1
1619 1
1620 1
1621 1
1622 1
1623 1
1624 1
1625 1
1626 1
1627 1
1628 1
1629 1
1630 0
1631 1
1632 0
1633 0
1634 1
1635 0
1636 1
1637 0
1638 1
1639 1
1640 1
1641 1
1642 1
1643 1
1644 0
1645 1
1646 1
1647 1
1648 1
1649 1
1650 1
1651 1
1652 1
1653 0
1654 1
1655 1
1656 0
1657 0
1658 0
1659 0
1660 1
1661 1
1662 1
1663 0
1664 1
1665 1
1666 1
1667 1
1668 0
1669 0
1670 1
1671 1
1672 1
1673 1
1674 0
1675 1
1676 1
1677 0
1678 1
1679 1
1680 1
1681 1
1682 0
1683 1
1684 1
1685 1
1686 1
1687 0
1688 1
1689 1
1690 0
1691 1
1692 1
1693 1
1694 1
1695 1
1696 0
1697 1
1698 0
1699 1
1700 0
1701 1
1702 1
1703 1
1704 0
1705 1
1706 1
1707 1
1708 1
1709 1
1710 0
1711 1
1712 1
1713 1
1714 1
1715 1
1716 0
1717 1
1718 1
1719 1
1720 1
1721 1
1722 1
1723 1
1724 1
1725 1
1726 1
1727 1
1728 1
1729 0
1730 0
1731 1
1732 1
1733 1
1734 1
1735 1
1736 1
1737 1
1738 1
1739 1
1740 1
1741 1
1742 1
1743 1
1744 1
1745 1
1746 1
1747 1
1748 1
1749 1
1750 1
1751 1
1752 1
1753 1
1754 0
1755 0
1756 1
1757 0
1758 1
1759 0
1760 1
1761 1
1762 1
1763 1
1764 1
1765 0
1766 1
1767 1
1768 1
1769 1
1770 1
1771 1
1772 1
1773 1
1774 1
1775 1
1776 1
1777 1
1778 1
1779 1
1780 0
1781 1
1782 1
1783 1
1784 1
1785 1
1786 1
1787 1
1788 1
1789 1
1790 1
1791 0
1792 1
1793 1
1794 1
1795 1
1796 1
1797 1
1798 1
1799 1
1800 0
1801 1
1802 1
1803 1
1804 1
1805 1
1806 1
1807 0
1808 0
1809 1
1810 1
1811 0
1812 0
1813 1
1814 1
1815 0
1816 1
1817 1
1818 0
1819 1
1820 1
1821 0
1822 0
1823 0
1824 1
1825 1
1826 0
1827 1
1828 1
1829 1
1830 1
1831 0
1832 1
1833 1
1834 1
1835 1
1836 1
1837 1
1838 1
1839 1
1840 1
1841 1
1842 1
1843 0
1844 1
1845 1
1846 1
1847 1
1848 1
1849 1
1850 1
1851 1
1852 1
1853 1
1854 1
1855 1
1856 1
1857 0
1858 0
1859 1
1860 1
1861 1
1862 1
1863 1
1864 0
1865 1
1866 1
1867 1
1868 1
1869 1
1870 0
1871 1
1872 1
1873 1
1874 1
1875 1
1876 0
1877 1
1878 1
1879 1
1880 1
1881 1
1882 0
1883 1
1884 1
1885 1
1886 1
1887 1
1888 1
1889 1
1890 1
1891 1
1892 0
1893 0
1894 1
1895 1
1896 0
1897 1
1898 0
1899 1
1900 1
1901 1
1902 1
1903 1
1904 0
1905 0
1906 1
1907 1
1908 1
1909 1
1910 0
1911 1
1912 1
1913 0
1914 1
1915 1
1916 1
1917 0
1918 1
1919 0
1920 1
1921 0
1922 1
1923 0
1924 1
1925 0
1926 1
1927 1
1928 0
1929 1
1930 1
1931 1
1932 1
1933 1
1934 1
1935 1
1936 1
1937 0
1938 0
1939 1
1940 1
1941 1
1942 1
1943 0
1944 1
1945 1
1946 1
1947 1
1948 1
1949 1
1950 0
1951 1
1952 0
1953 1
1954 1
1955 1
1956 0
1957 0
1958 0
1959 1
1960 0
1961 0
1962 0
1963 0
1964 1
1965 1
1966 1
1967 1
1968 0
1969 1
1970 0
1971 1
1972 1
1973 1
1974 1
1975 1
1976 1
1977 1
1978 1
1979 1
1980 1
1981 1
1982 1
1983 1
1984 1
1985 1
1986 1
1987 0
1988 1
1989 1
1990 1
1991 1
1992 1
1993 1
1994 1
1995 1
1996 1
1997 0
1998 0
1999 1
2000 1
2001 0
2002 1
2003 1
2004 1
2005 1
2006 1
2007 1
2008 0
2009 1
2010 0
2011 1
2012 1
2013 1
2014 1
2015 0
2016 1
2017 1
2018 1
2019 1
2020 1
2021 1
2022 1
2023 1
2024 1
2025 1
2026 0
2027 1
2028 0
2029 1
2030 1
2031 1
2032 0
2033 0
2034 0
2035 0
2036 1
2037 0
2038 1
2039 0
2040 0
2041 1
2042 1
2043 0
2044 0
2045 1
2046 1
2047 1
2048 0
2049 0
2050 1
2051 1
2052 1
2053 1
2054 1
2055 1
2056 1
2057 0
2058 1
2059 1
2060 1
2061 1
2062 1
2063 1
2064 1
2065 0
2066 1
2067 0
2068 1
2069 0
2070 1
2071 0
2072 0
2073 1
2074 0
2075 1
2076 1
2077 1
2078 1
2079 1
2080 1
2081 1
2082 1
2083 1
2084 1
2085 1
2086 1
2087 1
2088 1
2089 1
2090 0
2091 1
2092 1
2093 1
2094 1
2095 0
2096 1
2097 1
2098 0
2099 0
2100 1
2101 1
2102 1
2103 1
2104 1
2105 0
2106 1
2107 1
2108 1
2109 1
2110 1
2111 0
2112 1
2113 1
2114 1
2115 1
2116 1
2117 1
2118 1
2119 1
2120 1
2121 1
2122 0
2123 1
2124 1
2125 1
2126 1
2127 0
2128 1
2129 1
2130 1
2131 1
2132 0
2133 1
2134 1
2135 1
2136 0
2137 0
2138 0
2139 1
2140 0
2141 0
2142 1
2143 1
2144 1
2145 1
2146 0
2147 0
2148 1
2149 0
2150 1
2151 1
2152 1
2153 1
2154 0
2155 1
2156 0
2157 1
2158 0
2159 0
2160 0
2161 0
2162 1
2163 1
2164 1
2165 1
2166 0
2167 1
2168 1
2169 0
2170 1
2171 1
2172 1
2173 1
2174 1
2175 1
2176 0
2177 1
2178 0
2179 1
2180 1
2181 0
2182 0
2183 1
2184 1
2185 1
2186 1
2187 0
2188 1
2189 0
2190 1
2191 0
2192 1
2193 1
2194 1
2195 1
2196 0
2197 0
2198 1
2199 1
2200 1
2201 0
2202 1
2203 1
2204 0
2205 1
2206 1
2207 1
2208 1
2209 1
2210 1
2211 1
2212 0
2213 0
2214 0
2215 0
2216 1
2217 1
2218 1
2219 0
2220 1
2221 0
2222 1
2223 1
2224 1
2225 0
2226 1
2227 1
2228 1
2229 0
2230 1
2231 1
2232 0
2233 1
2234 1
2235 1
2236 0
2237 0
2238 1
2239 1
2240 1
2241 1
2242 1
2243 1
2244 1
2245 1
2246 1
2247 0
2248 1
2249 1
2250 1
2251 0
2252 0
2253 1
2254 0
2255 0
2256 0
2257 0
2258 0
2259 0
2260 1
2261 1
2262 1
2263 0
2264 1
2265 0
2266 0
2267 0
2268 0
2269 1
2270 1
2271 1
2272 1
2273 1
2274 1
2275 1
2276 0
2277 1
2278 1
2279 1
2280 1
2281 1
2282 1
2283 1
2284 0
2285 1
2286 1
2287 1
2288 0
2289 1
2290 1
2291 1
2292 0
2293 1
2294 1
2295 0
2296 1
2297 1
2298 0
2299 1
2300 0
2301 1
2302 1
2303 1
2304 1
2305 0
2306 1
2307 0
2308 0
2309 1
2310 0
2311 1
2312 0
2313 0
2314 1
2315 1
2316 0
2317 1
2318 1
2319 0
2320 1
2321 0
2322 1
2323 1
2324 0
2325 1
2326 1
2327 1
2328 0
2329 1
2330 1
2331 1
2332 1
2333 0
2334 1
2335 1
2336 1
2337 1
2338 0
2339 1
2340 1
2341 1
2342 0
2343 1
2344 1
2345 0
2346 1
2347 1
2348 1
2349 1
2350 0
2351 1
2352 0
2353 1
2354 0
2355 0
2356 0
2357 0
2358 1
2359 1
2360 1
2361 1
2362 1
2363 0
2364 1
2365 0
2366 0
2367 0
2368 1
2369 1
2370 0
2371 0
2372 1
2373 1
2374 0
2375 1
2376 1
2377 1
2378 1
2379 1
2380 0
2381 1
2382 0
2383 1
2384 0
2385 0
2386 1
2387 1
2388 1
2389 0
2390 1
2391 0
2392 1
2393 1
2394 1
2395 0
2396 0
2397 1
2398 1
2399 0
2400 1
2401 1
2402 1
2403 1
2404 1
2405 0
2406 1
2407 0
2408 0
2409 1
2410 0
2411 1
2412 0
2413 1
2414 1
2415 1
2416 1
2417 0
2418 1
2419 1
2420 1
2421 0
2422 0
2423 1
2424 0
2425 1
2426 0
2427 1
2428 1
2429 1
2430 0
2431 1
2432 1
2433 1
2434 1
2435 1
2436 1
2437 1
2438 1
2439 1
2440 0
2441 1
2442 0
2443 0
2444 1
2445 1
2446 1
2447 1
2448 1
2449 1
2450 1
2451 1
2452 1
2453 1
2454 1
2455 1
2456 1
2457 1
2458 1
2459 0
2460 1
2461 1
2462 1
2463 0
2464 1
2465 1
2466 1
2467 1
2468 1
2469 1
2470 1
2471 1
2472 1
2473 1
2474 0
2475 1
2476 1
2477 1
2478 0
2479 0
2480 1
2481 0
2482 1
2483 1
2484 1
2485 1
2486 1
2487 0
2488 0
2489 1
2490 1
2491 0
2492 1
2493 1
2494 0
2495 1
2496 0
2497 1
2498 1
2499 1
2500 1
2501 1
2502 1
2503 1
2504 1
2505 0
2506 1
2507 0
2508 1
2509 1
2510 1
2511 0
2512 1
2513 1
2514 1
2515 0
2516 0
2517 1
2518 0
2519 0
2520 1
2521 1
2522 1
2523 0
2524 0
2525 1
2526 1
2527 1
2528 0
2529 1
2530 0
2531 0
2532 0
2533 0
2534 0
2535 1
2536 1
2537 1
2538 1
2539 0
2540 0
2541 0
2542 0
2543 1
2544 1
2545 0
2546 0
2547 0
2548 1
2549 1
2550 1
2551 0
2552 1
2553 1
2554 1
2555 1
2556 0
2557 1
2558 1
2559 0
2560 1
2561 1
2562 1
2563 0
2564 1
2565 1
2566 1
2567 1
2568 1
2569 0
2570 1
2571 1
2572 1
2573 1
2574 1
2575 1
2576 1
2577 1
2578 1
2579 0
2580 1
2581 0
2582 1
2583 0
2584 1
2585 1
2586 1
2587 0
2588 1
2589 1
2590 1
2591 1
2592 1
2593 1
2594 1
2595 1
2596 0
2597 1
2598 1
2599 1
2600 1
2601 1
2602 1
2603 1
2604 1
2605 1
2606 0
2607 0
2608 0
2609 1
2610 1
2611 0
2612 1
2613 1
2614 1
2615 1
2616 0
2617 0
2618 1
2619 1
2620 1
2621 0
2622 1
2623 0
2624 1
2625 1
2626 1
2627 0
2628 1
2629 0
2630 0
2631 1
2632 0
2633 1
2634 1
2635 1
2636 0
2637 1
2638 0
2639 1
2640 1
2641 1
2642 1
2643 1
2644 1
2645 1
2646 0
2647 1
2648 1
2649 1
2650 1
2651 1
2652 1
2653 0
2654 1
2655 1
2656 0
2657 1
2658 1
2659 1
2660 1
2661 1
2662 0
2663 1
2664 1
2665 1
2666 0
2667 0
2668 1
2669 1
2670 0
2671 1
2672 1
2673 1
2674 1
2675 1
2676 0
2677 1
2678 0
2679 1
2680 0
2681 1
2682 1
2683 0
2684 1
2685 1
2686 1
2687 1
2688 1
2689 1
2690 1
2691 0
2692 1
2693 1
2694 1
2695 1
2696 0
2697 0
2698 0
2699 1
2700 1
2701 1
2702 1
2703 1
2704 1
2705 0
2706 1
2707 1
2708 0
2709 1
2710 0
2711 0
2712 1
2713 1
2714 0
2715 0
2716 1
2717 0
2718 1
2719 1
2720 1
2721 1
2722 0
2723 0
2724 1
2725 1
2726 1
2727 1
2728 1
2729 1
2730 1
2731 1
2732 1
2733 0
2734 1
2735 1
2736 1
2737 0
2738 0
2739 1
2740 1
2741 1
2742 1
2743 1
2744 0
2745 1
2746 0
2747 1
2748 1
2749 0
2750 0
2751 1
2752 0
2753 1
2754 1
2755 1
2756 1
2757 1
2758 1
2759 1
2760 1
2761 1
2762 0
2763 1
2764 1
2765 1
2766 1
2767 1
2768 1
2769 1
2770 1
2771 1
2772 1
2773 1
2774 0
2775 1
2776 1
2777 1
2778 1
2779 1
2780 1
2781 0
2782 1
2783 1
2784 1
2785 1
2786 1
2787 1
2788 1
2789 1
2790 1
2791 1
2792 1
2793 1
2794 1
2795 1
2796 0
2797 1
2798 1
2799 0
2800 0
2801 1
2802 1
2803 0
2804 1
2805 1
2806 0
2807 1
2808 1
2809 0
2810 1
2811 1
2812 1
2813 1
2814 1
2815 1
2816 1
2817 1
2818 1
2819 0
2820 1
2821 1
2822 1
2823 1
2824 0
2825 1
2826 1
2827 1
2828 1
2829 1
2830 1
2831 1
2832 1
2833 1
2834 1
2835 1
2836 1
2837 1
2838 1
2839 1
2840 1
2841 1
2842 0
2843 1
2844 1
2845 0
2846 1
2847 1
2848 1
2849 1
2850 0
2851 1
2852 1
2853 0
2854 1
2855 1
2856 1
2857 0
2858 1
2859 1
2860 1
2861 1
2862 0
2863 0
2864 0
2865 1
2866 1
2867 1
2868 1
2869 1
2870 0
2871 1
2872 0
2873 0
2874 1
2875 1
2876 1
2877 0
2878 1
2879 1
2880 0
2881 1
2882 1
2883 0
2884 0
2885 1
2886 1
2887 1
2888 1
2889 1
2890 0
2891 1
2892 1
2893 1
2894 1
2895 1
2896 1
2897 1
2898 1
2899 1
2900 1
2901 1
2902 1
2903 1
2904 1
2905 1
2906 0
2907 1
2908 1
2909 1
2910 0
2911 0
2912 0
2913 1
2914 1
2915 1
2916 1
2917 1
2918 1
2919 1
2920 1
2921 1
2922 1
2923 0
2924 0
2925 0
2926 1
2927 1
2928 1
2929 1
2930 1
2931 1
2932 1
2933 0
2934 1
2935 0
2936 0
2937 0
2938 0
2939 1
2940 1
2941 0
2942 1
2943 0
2944 0
2945 1
2946 0
2947 1
2948 1
2949 1
2950 0
2951 1
2952 1
2953 1
2954 1
2955 1
2956 1
2957 1
2958 1
2959 1
2960 1
2961 1
2962 0
2963 1
2964 0
2965 0
2966 1
2967 0
2968 1
2969 1
2970 1
2971 1
2972 0
2973 1
2974 1
2975 1
2976 0
2977 1
2978 1
2979 1
2980 1
2981 1
2982 1
2983 1
2984 1
2985 1
2986 1
2987 0
2988 1
2989 1
2990 1
2991 1
2992 1
2993 1
2994 1
2995 1
2996 0
2997 0
2998 1
2999 1
3000 1
3001 1
3002 1
3003 0
3004 1
3005 1
3006 1
3007 1
3008 0
3009 1
3010 1
3011 1
3012 1
3013 1
3014 1
3015 1
3016 0
3017 1
3018 1
3019 0
3020 0
3021 1
3022 0
3023 1
3024 0
3025 0
3026 1
3027 1
3028 1
3029 1
3030 1
3031 1
3032 1
3033 0
3034 0
3035 1
3036 0
3037 0
3038 0
3039 1
3040 1
3041 1
3042 1
3043 1
3044 1
3045 1
3046 0
3047 1
3048 0
3049 1
3050 1
3051 1
3052 0
3053 1
3054 0
3055 1
3056 0
3057 1
3058 1
3059 0
3060 1
3061 1
3062 1
3063 1
3064 0
3065 1
3066 0
3067 0
3068 1
3069 0
3070 1
3071 1
3072 1
3073 1
3074 0
3075 1
3076 1
3077 0
3078 0
3079 1
3080 1
3081 0
3082 0
3083 1
3084 1
3085 1
3086 0
3087 0
3088 1
3089 1
3090 0
3091 1
3092 0
3093 1
3094 0
3095 0
3096 0
3097 1
3098 1
3099 0
3100 1
3101 1
3102 1
3103 1
3104 1
3105 1
3106 1
3107 1
3108 0
3109 1
3110 1
3111 1
3112 1
3113 1
3114 1
3115 1
3116 1
3117 1
3118 1
3119 1
3120 1
3121 0
3122 1
3123 1
3124 1
3125 1
3126 0
3127 1
3128 1
3129 1
3130 0
3131 1
3132 1
3133 1
3134 1
3135 0
3136 1
3137 1
3138 1
3139 0
3140 1
3141 1
3142 0
3143 0
3144 1
3145 1
3146 1
3147 1
3148 1
3149 0
3150 0
3151 1
3152 0
3153 0
3154 1
3155 1
3156 1
3157 1
3158 0
3159 1
3160 1
3161 1
3162 1
3163 1
3164 1
3165 1
3166 1
3167 0
3168 1
3169 1
3170 0
3171 1
3172 1
3173 0
3174 1
3175 1
3176 0
3177 0
3178 0
3179 1
3180 1
3181 1
3182 1
3183 0
3184 1
3185 1
3186 1
3187 1
3188 1
3189 1
3190 1
3191 1
3192 1
3193 1
3194 1
3195 0
3196 0
3197 1
3198 1
3199 0
3200 1
3201 0
3202 1
3203 1
3204 0
3205 1
3206 1
3207 1
3208 1
3209 0
3210 1
3211 0
3212 0
3213 0
3214 0
3215 1
3216 0
3217 1
3218 0
3219 1
3220 1
3221 1
3222 1
3223 0
3224 1
3225 1
3226 0
3227 1
3228 0
3229 1
3230 1
3231 1
3232 1
3233 0
3234 1
3235 1
3236 1
3237 1
3238 0
3239 1
3240 0
3241 1
3242 1
3243 0
3244 1
3245 0
3246 1
3247 0
3248 0
3249 1
3250 1
3251 1
3252 0
3253 0
3254 0
3255 1
3256 1
3257 1
3258 0
3259 1
3260 1
3261 1
3262 1
3263 0
3264 1
3265 0
3266 1
3267 1
3268 0
3269 1
3270 0
3271 1
3272 1
3273 1
3274 1
3275 1
3276 1
3277 1
3278 1
3279 1
3280 1
3281 1
3282 1
3283 1
3284 1
3285 0
3286 1
3287 1
3288 1
3289 1
3290 0
3291 0
3292 1
3293 1
3294 1
3295 1
3296 1
3297 1
3298 0
3299 1
3300 0
3301 1
3302 1
3303 0
3304 1
3305 1
3306 1
3307 0
3308 1
3309 1
3310 1
3311 0
3312 1
3313 1
3314 1
3315 1
3316 1
3317 1
3318 0
3319 1
3320 1
3321 0
3322 1
3323 1
3324 0
3325 1
3326 1
3327 1
3328 1
3329 0
3330 0
3331 1
3332 1
3333 1
3334 1
3335 1
3336 1
3337 1
3338 1
3339 1
3340 1
3341 0
3342 0
3343 1
3344 1
3345 1
3346 0
3347 1
3348 0
3349 0
3350 0
3351 1
3352 1
3353 1
3354 1
3355 1
3356 1
3357 0
3358 1
3359 0
3360 1
3361 0
3362 0
3363 1
3364 1
3365 1
3366 1
3367 1
3368 1
3369 1
3370 1
3371 1
3372 1
3373 1
3374 1
3375 1
3376 1
3377 1
3378 1
3379 1
3380 1
3381 0
3382 1
3383 1
3384 0
3385 1
3386 1
3387 0
3388 1
3389 0
3390 1
3391 1
3392 1
3393 1
3394 1
3395 1
3396 1
3397 1
3398 1
3399 1
3400 1
3401 1
3402 1
3403 1
3404 1
3405 0
3406 0
3407 1
3408 1
3409 1
3410 1
3411 1
3412 0
3413 1
3414 1
3415 1
3416 0
3417 0
3418 1
3419 0
3420 1
3421 1
3422 1
3423 1
3424 1
3425 1
3426 1
3427 1
3428 0
3429 0
3430 0
3431 1
3432 1
3433 1
3434 1
3435 1
3436 0
3437 0
3438 1
3439 1
3440 0
3441 1
3442 0
3443 1
3444 0
3445 1
3446 1
3447 0
3448 1
3449 1
3450 0
3451 1
3452 1
3453 1
3454 0
3455 1
3456 1
3457 1
3458 1
3459 1
3460 1
3461 0
3462 1
3463 0
3464 1
3465 1
3466 1
3467 1
3468 1
3469 1
3470 1
3471 1
3472 0
3473 1
3474 1
3475 1
3476 0
3477 1
3478 1
3479 1
3480 1
3481 1
3482 0
3483 1
3484 1
3485 0
3486 1
3487 1
3488 1
3489 1
3490 1
3491 1
3492 1
3493 1
3494 1
3495 1
3496 0
3497 1
3498 1
3499 1
3500 0
3501 0
3502 1
3503 1
3504 0
3505 1
3506 1
3507 1
3508 1
3509 0
3510 1
3511 1
3512 1
3513 1
3514 1
3515 1
3516 1
3517 0
3518 0
3519 1
3520 1
3521 1
3522 1
3523 0
3524 0
3525 1
3526 1
3527 1
3528 0
3529 1
3530 0
3531 0
3532 1
3533 1
3534 1
3535 1
3536 1
3537 1
3538 0
3539 1
3540 1
3541 1
3542 1
3543 0
3544 1
3545 1
3546 1
3547 1
3548 0
3549 1
3550 0
3551 0
3552 1
3553 1
3554 1
3555 1
3556 1
3557 1
3558 1
3559 0
3560 1
3561 0
3562 1
3563 1
3564 1
3565 1
3566 1
3567 1
3568 0
3569 1
3570 1
3571 1
3572 1
3573 0
3574 1
3575 1
3576 0
3577 1
3578 1
3579 0
3580 1
3581 0
3582 0
3583 1
3584 1
3585 1
3586 1
3587 1
3588 0
3589 0
3590 1
3591 0
3592 0
3593 1
3594 1
3595 0
3596 1
3597 1
3598 1
3599 0
3600 1
3601 0
3602 0
3603 1
3604 0
3605 1
3606 0
3607 0
3608 1
3609 1
3610 1
3611 1
3612 1
3613 1
3614 1
3615 1
3616 1
3617 1
3618 1
3619 1
3620 1
3621 1
3622 1
3623 1
3624 1
3625 0
3626 1
3627 0
3628 1
3629 1
3630 1
3631 1
3632 1
3633 1
3634 1
3635 1
3636 1
3637 1
3638 1
3639 1
3640 0
3641 1
3642 0
3643 1
3644 1
3645 1
3646 1
3647 0
3648 1
3649 1
3650 1
3651 1
3652 1
3653 0
3654 0
3655 1
3656 0
3657 1
3658 1
3659 1
3660 1
3661 0
3662 0
3663 1
3664 1
3665 0
3666 0
3667 1
3668 1
3669 1
3670 1
3671 1
3672 1
3673 1
3674 0
3675 0
3676 1
3677 1
3678 0
3679 1
3680 0
3681 1
3682 1
3683 1
3684 1
3685 0
3686 1
3687 1
3688 1
3689 1
3690 1
3691 1
3692 1
3693 1
3694 1
3695 1
3696 1
3697 0
3698 1
3699 1
3700 1
3701 1
3702 0
3703 1
3704 1
3705 0
3706 1
3707 1
3708 1
3709 1
3710 1
3711 0
3712 1
3713 1
3714 1
3715 1
3716 1
3717 1
3718 1
3719 1
3720 1
3721 1
3722 1
3723 1
3724 1
3725 1
3726 1
3727 1
3728 1
3729 1
3730 1
3731 1
3732 1
3733 1
3734 1
3735 1
3736 1
3737 1
3738 1
3739 1
3740 1
3741 0
3742 1
3743 0
3744 1
3745 1
3746 1
3747 0
3748 0
3749 0
3750 0
3751 1
3752 1
3753 0
3754 1
3755 1
3756 0
3757 1
3758 1
3759 1
3760 1
3761 1
3762 1
3763 0
3764 0
3765 1
3766 1
3767 1
3768 0
3769 1
3770 1
3771 1
3772 1
3773 1
3774 0
3775 1
3776 1
3777 0
3778 1
3779 0
3780 0
3781 1
3782 0
3783 0
3784 0
3785 0
3786 0
3787 0
3788 0
3789 1
3790 1
3791 1
3792 0
3793 0
3794 1
3795 1
3796 1
3797 1
3798 1
3799 1
3800 1
3801 0
3802 1
3803 0
3804 1
3805 0
3806 1
3807 1
3808 1
3809 1
3810 1
3811 1
3812 1
3813 1
3814 0
3815 1
3816 1
3817 1
3818 1
3819 1
3820 1
3821 1
3822 1
3823 1
3824 1
3825 1
3826 1
3827 0
3828 1
3829 0
3830 0
3831 1
3832 1
3833 1
3834 0
3835 1
3836 0
3837 1
3838 0
3839 1
3840 0
3841 0
3842 1
3843 1
3844 1
3845 1
3846 1
3847 1
3848 1
3849 1
3850 1
3851 1
3852 1
3853 1
3854 0
3855 1
3856 0
3857 1
3858 1
3859 1
3860 1
3861 1
3862 1
3863 0
3864 1
3865 1
3866 1
3867 1
3868 1
3869 1
3870 1
3871 0
3872 1
3873 1
3874 1
3875 1
3876 1
3877 1
3878 1
3879 1
3880 1
3881 1
3882 1
3883 1
3884 1
3885 1
3886 1
3887 1
3888 1
3889 0
3890 1
3891 1
3892 1
3893 0
3894 1
3895 1
3896 1
3897 1
3898 0
3899 1
3900 1
3901 1
3902 1
3903 1
3904 1
3905 0
3906 1
3907 1
3908 1
3909 1
3910 1
3911 1
3912 1
3913 0
3914 1
3915 0
3916 1
3917 1
3918 1
3919 1
3920 1
3921 1
3922 1
3923 1
3924 1
3925 0
3926 1
3927 1
3928 1
3929 1
3930 1
3931 0
3932 1
3933 1
3934 0
3935 1
3936 1
3937 1
3938 1
3939 1
3940 1
3941 0
3942 0
3943 0
3944 0
3945 1
3946 0
3947 1
3948 1
3949 0
3950 0
3951 1
3952 1
3953 1
3954 1
3955 1
3956 1
3957 0
3958 0
3959 1
3960 0
3961 1
3962 1
3963 1
3964 1
3965 0
3966 1
3967 1
3968 0
3969 0
3970 0
3971 1
3972 1
3973 0
3974 0
3975 1
3976 1
3977 0
3978 1
3979 0
3980 1
3981 1
3982 1
3983 1
3984 1
3985 0
3986 0
3987 1
3988 1
3989 1
3990 1
3991 1
3992 1
3993 1
3994 1
3995 1
3996 1
3997 1
3998 1
3999 0
4000 1
4001 1
4002 1
4003 1
4004 1
4005 1
4006 1
4007 1
4008 1
4009 1
4010 1
4011 1
4012 1
4013 0
4014 1
4015 1
4016 0
4017 1
4018 1
4019 1
4020 1
4021 0
4022 1
4023 0
4024 1
4025 0
4026 1
4027 0
4028 1
4029 1
4030 1
4031 1
4032 1
4033 1
4034 1
4035 1
4036 1
4037 1
4038 1
4039 1
4040 1
4041 0
4042 0
4043 1
4044 1
4045 1
4046 0
4047 1
4048 1
4049 1
4050 1
4051 1
4052 1
4053 1
4054 1
4055 1
4056 1
4057 1
4058 1
4059 1
4060 1
4061 0
4062 1
4063 0
4064 1
4065 1
4066 1
4067 1
4068 1
4069 1
4070 1
4071 1
4072 1
4073 1
4074 1
4075 0
4076 1
4077 1
4078 1
4079 1
4080 1
4081 1
4082 1
4083 0
4084 0
4085 1
4086 1
4087 1
4088 1
4089 1
4090 0
4091 1
4092 1
4093 1
4094 1
4095 1
4096 1
4097 1
4098 1
4099 1
4100 1
4101 1
4102 1
4103 1
4104 1
4105 0
4106 1
4107 1
4108 0
4109 1
4110 1
4111 1
4112 1
4113 1
4114 1
4115 1
4116 1
4117 1
4118 1
4119 1
4120 1
4121 0
4122 1
4123 1
4124 1
4125 1
4126 1
4127 1
4128 1
4129 1
4130 1
4131 1
4132 0
4133 1
4134 1
4135 1
4136 1
4137 1
4138 1
4139 1
4140 1
4141 0
4142 1
4143 0
4144 1
4145 0
4146 0
4147 1
4148 1
4149 1
4150 1
4151 1
4152 1
4153 1
4154 1
4155 1
4156 0
4157 0
4158 1
4159 1
4160 0
4161 1
4162 1
4163 0
4164 0
4165 1
4166 0
4167 1
4168 1
4169 1
4170 1
4171 0
4172 0
4173 1
4174 1
4175 1
4176 0
4177 0
4178 1
4179 0
4180 1
4181 1
4182 1
4183 1
4184 1
4185 0
4186 1
4187 1
4188 1
4189 0
4190 1
4191 1
4192 1
4193 0
4194 1
4195 0
4196 1
4197 0
4198 1
4199 0
4200 1
4201 1
4202 1
4203 0
4204 0
4205 1
4206 0
4207 1
4208 1
4209 1
4210 1
4211 1
4212 0
4213 1
4214 1
4215 1
4216 1
4217 1
4218 1
4219 1
4220 0
4221 0
4222 0
4223 0
4224 0
4225 1
4226 1
4227 1
4228 1
4229 0
4230 0
4231 1
4232 0
4233 1
4234 0
4235 1
4236 1
4237 1
4238 1
4239 1
4240 1
4241 1
4242 1
4243 1
4244 0
4245 1
4246 1
4247 0
4248 0
4249 1
4250 0
4251 1
4252 1
4253 1
4254 0
4255 1
4256 1
4257 1
4258 1
4259 0
4260 0
4261 1
4262 1
4263 1
4264 1
4265 1
4266 0
4267 1
4268 1
4269 1
4270 1
4271 1
4272 0
4273 0
4274 0
4275 1
4276 0
4277 1
4278 1
4279 1
4280 1
4281 0
4282 1
4283 1
4284 1
4285 1
4286 0
4287 1
4288 1
4289 1
4290 1
4291 0
4292 1
4293 1
4294 1
4295 0
4296 0
4297 0
4298 1
4299 1
4300 1
4301 1
4302 0
4303 1
4304 1
4305 1
4306 1
4307 1
4308 1
4309 1
4310 0
4311 1
4312 1
4313 1
4314 0
4315 1
4316 1
4317 1
4318 1
4319 0
4320 1
4321 1
4322 1
4323 0
4324 1
4325 1
4326 0
4327 0
4328 1
4329 0
4330 1
4331 1
4332 1
4333 0
4334 1
4335 0
4336 1
4337 0
4338 1
4339 1
4340 1
4341 1
4342 0
4343 1
4344 0
4345 1
4346 1
4347 1
4348 1
4349 1
4350 1
4351 1
4352 1
4353 0
4354 1
4355 1
4356 0
4357 1
4358 1
4359 1
4360 1
4361 0
4362 1
4363 1
4364 1
4365 1
4366 1
4367 0
4368 1
4369 1
4370 1
4371 0
4372 0
4373 1
4374 1
4375 1
4376 0
4377 1
4378 1
4379 0
4380 1
4381 1
4382 1
4383 0
4384 1
4385 1
4386 1
4387 0
4388 1
4389 1
4390 1
4391 1
4392 1
4393 1
4394 0
4395 0
4396 0
4397 1
4398 0
4399 1
4400 1
4401 1
4402 1
4403 1
4404 0
4405 1
4406 1
4407 1
4408 1
4409 1
4410 1
4411 1
4412 1
4413 1
4414 0
4415 0
4416 1
4417 1
4418 1
4419 1
4420 1
4421 1
4422 1
4423 1
4424 1
4425 1
4426 0
4427 1
4428 1
4429 1
4430 0
4431 1
4432 1
4433 0
4434 1
4435 1
4436 1
4437 1
4438 1
4439 1
4440 0
4441 1
4442 1
4443 1
4444 1
4445 1
4446 1
4447 1
4448 0
4449 1
4450 1
4451 1
4452 0
4453 1
4454 0
4455 1
4456 1
4457 1
4458 0
4459 1
4460 0
4461 1
4462 1
4463 0
4464 0
4465 0
4466 1
4467 1
4468 0
4469 1
4470 1
4471 1
4472 1
4473 1
4474 1
4475 1
4476 1
4477 1
4478 0
4479 0
4480 0
4481 1
4482 1
4483 1
4484 1
4485 1
4486 1
4487 1
4488 0
4489 1
4490 1
4491 1
4492 1
4493 1
4494 1
4495 1
4496 1
4497 1
4498 1
4499 0
4500 1
4501 1
4502 1
4503 1
4504 1
4505 1
4506 1
4507 1
4508 1
4509 1
4510 1
4511 1
4512 0
4513 1
4514 1
4515 1
4516 1
4517 1
4518 1
4519 1
4520 1
4521 1
4522 1
4523 1
4524 1
4525 0
4526 1
4527 1
4528 1
4529 1
4530 1
4531 1
4532 0
4533 1
4534 1
4535 0
4536 1
4537 1
4538 1
4539 1
4540 1
4541 1
4542 1
4543 1
4544 0
4545 1
4546 1
4547 1
4548 0
4549 0
4550 0
4551 1
4552 1
4553 1
4554 1
4555 1
4556 0
4557 1
4558 0
4559 1
4560 1
4561 1
4562 1
4563 0
4564 1
4565 1
4566 1
4567 0
4568 1
4569 1
4570 0
4571 0
4572 1
4573 1
4574 0
4575 0
4576 1
4577 0
4578 1
4579 0
4580 1
4581 1
4582 1
4583 0
4584 1
4585 0
4586 1
4587 1
4588 0
4589 1
4590 1
4591 0
4592 0
4593 0
4594 0
4595 1
4596 1
4597 1
4598 0
4599 1
4600 1
4601 0
4602 1
4603 0
4604 0
4605 0
4606 0
4607 0
4608 1
4609 0
4610 1
4611 1
4612 0
4613 1
4614 0
4615 0
4616 1
4617 1
4618 1
4619 1
4620 1
4621 1
4622 1
4623 0
4624 0
4625 0
4626 1
4627 1
4628 1
4629 1
4630 1
4631 0
4632 1
4633 1
4634 1
4635 1
4636 1
4637 1
4638 1
4639 0
4640 0
4641 1
4642 1
4643 1
4644 1
4645 0
4646 0
4647 1
4648 1
4649 0
4650 1
4651 1
4652 1
4653 0
4654 0
4655 1
4656 0
4657 1
4658 0
4659 1
4660 1
4661 1
4662 1
4663 1
4664 1
4665 1
4666 1
4667 1
4668 0
4669 0
4670 1
4671 1
4672 1
4673 1
4674 1
4675 0
4676 1
4677 1
4678 0
4679 1
4680 1
4681 1
4682 1
4683 1
4684 0
4685 0
4686 0
4687 1
4688 1
4689 1
4690 1
4691 1
4692 0
4693 0
4694 0
4695 1
4696 1
4697 1
4698 1
4699 0
4700 1
4701 1
4702 1
4703 1
4704 0
4705 1
4706 1
4707 1
4708 1
4709 1
4710 0
4711 1
4712 1
4713 0
4714 1
4715 1
4716 1
4717 1
4718 0
4719 1
4720 0
4721 0
4722 1
4723 1
4724 1
4725 1
4726 1
4727 1
4728 1
4729 1
4730 1
4731 1
4732 1
4733 1
4734 0
4735 1
4736 1
4737 1
4738 1
4739 0
4740 1
4741 1
4742 1
4743 1
4744 0
4745 1
4746 0
4747 1
4748 0
4749 0
4750 1
4751 1
4752 0
4753 0
4754 1
4755 1
4756 0
4757 1
4758 1
4759 0
4760 1
4761 0
4762 1
4763 1
4764 0
4765 0
4766 1
4767 1
4768 1
4769 1
4770 0
4771 1
4772 1
4773 1
4774 1
4775 0
4776 1
4777 1
4778 0
4779 0
4780 1
4781 1
4782 1
4783 1
4784 0
4785 1
4786 0
4787 0
4788 0
4789 1
4790 1
4791 0
4792 1
4793 0
4794 1
4795 1
4796 1
4797 0
4798 0
4799 1
4800 1
4801 1
4802 1
4803 0
4804 1
4805 1
4806 1
4807 0
4808 1
4809 0
4810 0
4811 1
4812 0
4813 1
4814 1
4815 1
4816 0
4817 1
4818 1
4819 1
4820 1
4821 1
4822 0
4823 1
4824 1
4825 0
4826 1
4827 1
4828 0
4829 1
4830 0
4831 1
4832 1
4833 0
4834 0
4835 1
4836 0
4837 1
4838 1
4839 0
4840 0
4841 1
4842 0
4843 0
4844 0
4845 1
4846 1
4847 1
4848 0
4849 1
4850 1
4851 1
4852 1
4853 0
4854 1
4855 1
4856 1
4857 0
4858 1
4859 0
4860 1
4861 1
4862 1
4863 0
4864 0
4865 1
4866 1
4867 1
4868 0
4869 1
4870 0
4871 1
4872 1
4873 1
4874 0
4875 1
4876 1
4877 0
4878 1
4879 1
4880 0
4881 1
4882 0
4883 1
4884 0
4885 1
4886 1
4887 1
4888 1
4889 0
4890 1
4891 1
4892 1
4893 1
4894 1
4895 1
4896 1
4897 1
4898 1
4899 0
4900 1
4901 0
4902 1
4903 0
4904 1
4905 0
4906 0
4907 0
4908 0
4909 1
4910 1
4911 1
4912 0
4913 1
4914 1
4915 0
4916 1
4917 1
4918 0
4919 0
4920 1
4921 1
4922 0
4923 1
4924 1
4925 1
4926 1
4927 1
4928 0
4929 1
4930 0
4931 1
4932 0
4933 1
4934 0
4935 1
4936 1
4937 0
4938 1
4939 1
4940 0
4941 1
4942 1
4943 1
4944 1
4945 0
4946 0
4947 1
4948 1
4949 1
4950 1
4951 1
4952 1
4953 1
4954 1
4955 1
4956 1
4957 1
4958 1
4959 1
4960 1
4961 1
4962 0
4963 1
4964 0
4965 1
4966 1
4967 0
4968 1
4969 1
4970 1
4971 1
4972 1
4973 1
4974 1
4975 1
4976 1
4977 0
4978 1
4979 1
4980 1
4981 0
4982 1
4983 1
4984 0
4985 0
4986 0
4987 1
4988 1
4989 1
4990 1
4991 1
4992 0
4993 0
4994 1
4995 0
4996 1
4997 1
4998 0
4999 1
5000 1
5001 0
5002 1
5003 0
5004 1
5005 1
5006 1
5007 1
5008 1
5009 1
5010 0
5011 1
5012 0
5013 1
5014 0
5015 1
5016 1
5017 1
5018 0
5019 1
5020 1
5021 0
5022 1
5023 1
5024 1
5025 0
5026 1
5027 0
5028 0
5029 0
5030 1
5031 1
5032 1
5033 0
5034 1
5035 0
5036 0
5037 0
5038 0
5039 1
5040 1
5041 1
5042 0
5043 1
5044 0
5045 0
5046 1
5047 1
5048 1
5049 0
5050 1
5051 1
5052 1
5053 1
5054 1
5055 0
5056 1
5057 0
5058 1
5059 1
5060 0
5061 1
5062 1
5063 0
5064 1
5065 0
5066 1
5067 1
5068 1
5069 1
5070 1
5071 1
5072 1
5073 1
5074 0
5075 0
5076 1
5077 1
5078 1
5079 1
5080 1
5081 0
5082 1
5083 0
5084 0
5085 1
5086 1
5087 1
5088 1
5089 0
5090 1
5091 1
5092 1
5093 1
5094 1
5095 1
5096 1
5097 0
5098 1
5099 1
5100 0
5101 0
5102 0
5103 0
5104 1
5105 1
5106 1
5107 1
5108 0
5109 1
5110 1
5111 0
5112 1
5113 0
5114 1
5115 1
5116 1
5117 1
5118 1
5119 1
5120 1
5121 1
5122 1
5123 1
5124 0
5125 0
5126 1
5127 1
5128 1
5129 1
5130 1
5131 1
5132 1
5133 1
5134 1
5135 1
5136 1
5137 1
5138 0
5139 1
5140 1
5141 1
5142 1
5143 1
5144 1
5145 1
5146 0
5147 1
5148 1
5149 1
5150 1
5151 1
5152 0
5153 1
5154 0
5155 1
5156 1
5157 1
5158 0
5159 1
5160 1
5161 1
5162 1
5163 0
5164 1
5165 1
5166 0
5167 1
5168 1
5169 0
5170 1
5171 1
5172 1
5173 1
5174 1
5175 1
5176 0
5177 0
5178 1
5179 0
5180 1
5181 1
5182 0
5183 0
5184 0
5185 0
5186 1
5187 1
5188 1
5189 1
5190 1
5191 0
5192 0
5193 0
5194 0
5195 1
5196 1
5197 0
5198 1
5199 1
5200 1
5201 1
5202 1
5203 1
5204 0
5205 1
5206 1
5207 1
5208 0
5209 0
5210 1
5211 1
5212 1
5213 1
5214 1
5215 0
5216 1
5217 1
5218 1
5219 1
5220 1
5221 1
5222 1
5223 1
5224 1
5225 1
5226 1
5227 1
5228 0
5229 1
5230 1
5231 1
5232 0
5233 1
5234 0
5235 0
5236 1
5237 1
5238 1
5239 0
5240 0
5241 0
5242 0
5243 0
5244 1
5245 0
5246 1
5247 0
5248 1
5249 1
5250 1
5251 0
5252 1
5253 1
5254 1
5255 1
5256 0
5257 1
5258 1
5259 1
5260 1
5261 1
5262 0
5263 1
5264 1
5265 0
5266 1
5267 1
5268 1
5269 1
5270 0
5271 1
5272 0
5273 0
5274 1
5275 1
5276 0
5277 1
5278 1
5279 1
5280 1
5281 1
5282 1
5283 1
5284 0
5285 1
5286 1
5287 1
5288 1
5289 1
5290 0
5291 1
5292 1
5293 1
5294 1
5295 1
5296 0
5297 0
5298 0
5299 0
5300 0
5301 1
5302 1
5303 1
5304 0
5305 1
5306 1
5307 1
5308 0
5309 1
5310 1
5311 0
5312 1
5313 1
5314 0
5315 1
5316 1
5317 1
5318 1
5319 0
5320 1
5321 1
5322 0
5323 0
5324 0
5325 1
5326 1
5327 0
5328 0
5329 1
5330 1
5331 0
5332 1
5333 1
5334 0
5335 0
5336 0
5337 0
5338 0
5339 0
5340 0
5341 1
5342 1
5343 0
5344 1
5345 0
5346 0
5347 1
5348 0
5349 1
5350 1
5351 0
5352 1
5353 1
5354 1
5355 0
5356 1
5357 1
5358 0
5359 1
5360 1
5361 1
5362 0
5363 1
5364 1
5365 1
5366 1
5367 1
5368 1
5369 1
5370 1
5371 0
5372 1
5373 1
5374 1
5375 1
5376 1
5377 1
5378 0
5379 1
5380 1
5381 0
5382 0
5383 1
5384 1
5385 1
5386 1
5387 1
5388 1
5389 1
5390 1
5391 1
5392 1
5393 1
5394 0
5395 0
5396 0
5397 1
5398 1
5399 0
5400 0
5401 0
5402 1
5403 1
5404 0
5405 0
5406 1
5407 1
5408 1
5409 0
5410 0
5411 1
5412 0
5413 0
5414 0
5415 1
5416 1
5417 0
5418 0
5419 1
5420 1
5421 1
5422 0
5423 0
5424 0
5425 1
5426 1
5427 0
5428 0
5429 1
5430 1
5431 1
5432 1
5433 1
5434 0
5435 1
5436 1
5437 1
5438 0
5439 1
5440 0
5441 1
5442 1
5443 1
5444 1
5445 0
5446 1
5447 1
5448 1
5449 0
5450 1
5451 1
5452 0
5453 0
5454 1
5455 1
5456 1
5457 1
5458 1
5459 0
5460 1
5461 1
5462 1
5463 1
5464 1
5465 1
5466 1
5467 1
5468 1
5469 1
5470 0
5471 1
5472 1
5473 1
5474 0
5475 1
5476 1
5477 0
5478 1
5479 1
5480 1
5481 1
5482 1
5483 1
5484 1
5485 1
5486 1
5487 1
5488 0
5489 0
5490 1
5491 1
5492 0
5493 0
5494 0
5495 1
5496 1
5497 0
5498 1
5499 0
5500 0
5501 1
5502 1
5503 1
5504 1
5505 1
5506 0
5507 1
5508 0
5509 1
5510 0
5511 1
5512 1
5513 1
5514 1
5515 0
5516 1
5517 1
5518 0
5519 0
5520 0
5521 1
5522 1
5523 1
5524 0
5525 1
5526 1
5527 0
5528 1
5529 1
5530 1
5531 0
5532 1
5533 0
5534 1
5535 1
5536 1
5537 1
5538 1
5539 0
5540 1
5541 0
5542 0
5543 0
5544 1
5545 0
5546 1
5547 1
5548 1
5549 1
5550 1
5551 1
5552 1
5553 1
5554 0
5555 0
5556 0
5557 0
5558 1
5559 1
5560 1
5561 1
5562 1
5563 0
5564 1
5565 0
5566 0
5567 0
5568 1
5569 1
5570 1
5571 1
5572 0
5573 0
5574 1
5575 1
5576 1
5577 1
5578 0
5579 1
5580 1
5581 1
5582 0
5583 0
5584 0
5585 1
5586 1
5587 1
5588 0
5589 1
5590 1
5591 0
5592 1
5593 1
5594 0
5595 1
5596 1
5597 1
5598 1
5599 0
5600 0
5601 1
5602 1
5603 0
5604 0
5605 0
5606 0
5607 0
5608 1
5609 1
5610 1
5611 1
5612 0
5613 0
5614 1
5615 1
5616 1
5617 1
5618 1
5619 1
5620 1
5621 1
5622 1
5623 1
5624 1
5625 1
5626 0
5627 1
5628 1
5629 0
5630 1
5631 1
5632 1
5633 0
5634 1
5635 0
5636 1
5637 0
5638 0
5639 1
5640 1
5641 1
5642 1
5643 0
5644 0
5645 0
5646 1
5647 1
5648 1
5649 0
5650 1
5651 1
5652 1
5653 1
5654 1
5655 0
5656 1
5657 0
5658 1
5659 1
5660 1
5661 1
5662 0
5663 1
5664 1
5665 1
5666 0
5667 0
5668 1
5669 1
5670 1
5671 1
5672 1
5673 1
5674 1
5675 0
5676 1
5677 0
5678 1
5679 1
5680 1
5681 0
5682 0
5683 1
5684 1
5685 1
5686 0
5687 0
5688 0
5689 0
5690 0
5691 1
5692 1
5693 1
5694 0
5695 1
5696 1
5697 1
5698 0
5699 0
5700 1
5701 1
5702 1
5703 1
5704 1
5705 1
5706 1
5707 0
5708 1
5709 1
5710 1
5711 1
5712 0
5713 1
5714 1
5715 1
5716 1
5717 1
5718 1
5719 1
5720 1
5721 1
5722 0
5723 1
5724 1
5725 0
5726 0
5727 1
5728 0
5729 1
5730 1
5731 1
5732 1
5733 1
5734 1
5735 1
5736 0
5737 0
5738 0
5739 0
5740 1
5741 1
5742 1
5743 1
5744 1
5745 0
5746 0
5747 1
5748 0
5749 0
5750 0
5751 1
5752 0
5753 0
5754 1
5755 1
5756 0
5757 0
5758 0
5759 1
5760 1
5761 1
5762 0
5763 1
5764 1
5765 1
5766 1
5767 1
5768 1
5769 1
5770 1
5771 1
5772 1
5773 1
5774 1
5775 1
5776 0
5777 0
5778 1
5779 0
5780 1
5781 1
5782 1
5783 1
5784 0
5785 1
5786 1
5787 1
5788 1
5789 1
5790 0
5791 1
5792 1
5793 1
5794 1
5795 1
5796 0
5797 1
5798 0
5799 0
5800 0
5801 1
5802 0
5803 1
5804 1
5805 1
5806 0
5807 1
5808 1
5809 1
5810 1
5811 1
5812 1
5813 1
5814 1
5815 1
5816 0
5817 1
5818 1
5819 0
5820 1
5821 1
5822 1
5823 0
5824 0
5825 1
5826 0
5827 0
5828 1
5829 0
5830 1
5831 1
5832 0
5833 1
5834 0
5835 0
5836 1
5837 1
5838 0
5839 0
5840 1
5841 0
5842 1
5843 1
5844 0
5845 0
5846 1
5847 1
5848 1
5849 0
5850 0
5851 1
5852 1
5853 0
5854 0
5855 0
5856 0
5857 0
5858 1
5859 0
5860 0
5861 1
5862 0
5863 1
5864 0
5865 1
5866 1
5867 1
5868 1
5869 1
5870 1
5871 0
5872 1
5873 1
5874 1
5875 1
5876 0
5877 1
5878 1
5879 1
5880 0
5881 1
5882 1
5883 1
5884 1
5885 1
5886 1
5887 1
5888 1
5889 1
5890 1
5891 0
5892 1
5893 1
5894 0
5895 1
5896 1
5897 0
5898 0
5899 0
5900 1
5901 1
5902 1
5903 0
5904 0
5905 1
5906 0
5907 1
5908 1
5909 1
5910 0
5911 1
5912 1
5913 0
5914 1
5915 1
5916 1
5917 1
5918 0
5919 0
5920 1
5921 1
5922 0
5923 0
5924 0
5925 1
5926 1
5927 1
5928 1
5929 1
5930 1
5931 1
5932 0
5933 1
5934 0
5935 1
5936 0
5937 0
5938 0
5939 0
5940 0
5941 1
5942 1
5943 1
5944 1
5945 0
5946 1
5947 1
5948 0
5949 0
5950 1
5951 1
5952 0
5953 0
5954 0
5955 1
5956 1
5957 1
5958 1
5959 0
5960 1
5961 1
5962 1
5963 1
5964 1
5965 0
5966 1
5967 0
5968 1
5969 0
5970 1
5971 1
5972 1
5973 1
5974 1
5975 1
5976 1
5977 1
5978 0
5979 0
5980 1
5981 1
5982 0
5983 0
5984 0
5985 0
5986 0
5987 1
5988 0
5989 0
5990 0
5991 1
5992 0
5993 1
5994 0
5995 1
5996 0
5997 0
5998 0
5999 0
6000 1
6001 1
6002 0
6003 1
6004 1
6005 1
6006 0
6007 1
6008 0
6009 1
6010 0
6011 1
6012 1
6013 1
6014 1
6015 1
6016 1
6017 1
6018 0
6019 1
6020 1
6021 1
6022 0
6023 1
6024 0
6025 1
6026 1
6027 1
6028 0
6029 0
6030 0
6031 0
6032 0
6033 1
