0 10
1 16
2 15
3 7
4 20
5 9
6 1
7 12
8 17
9 1
10 1
11 12
12 1
13 0
14 7
15 0
16 1
17 3
18 10
19 14
20 16
21 15
22 0
23 7
24 4
25 7
26 11
27 1
28 7
29 7
30 7
31 0
32 3
33 0
34 1
35 3
36 9
37 4
38 4
39 0
40 4
41 8
42 12
43 17
44 16
45 19
46 4
47 4
48 12
49 2
50 10
51 4
52 0
53 1
54 12
55 20
56 19
57 2
58 1
59 1
60 17
61 3
62 4
63 1
64 12
65 18
66 5
67 4
68 1
69 4
70 14
71 0
72 4
73 14
74 10
75 7
76 4
77 1
78 0
79 1
80 0
81 17
82 2
83 4
84 4
85 10
86 14
87 1
88 9
89 13
90 7
91 4
92 17
93 17
94 0
95 16
96 3
97 7
98 10
99 17
100 3
101 19
102 7
103 12
104 12
105 11
106 18
107 12
108 15
109 2
110 15
111 16
112 12
113 2
114 17
115 17
116 17
117 17
118 10
119 11
120 7
121 4
122 9
123 7
124 14
125 9
126 3
127 6
128 11
129 17
130 4
131 17
132 0
133 0
134 4
135 2
136 6
137 20
138 20
139 1
140 13
141 7
142 3
143 17
144 4
145 20
146 4
147 17
148 1
149 7
150 20
151 4
152 10
153 20
154 12
155 7
156 16
157 7
158 0
159 7
160 16
161 4
162 4
163 13
164 16
165 4
166 11
167 0
168 7
169 11
170 17
171 3
172 0
173 16
174 2
175 3
176 1
177 17
178 0
179 12
180 17
181 4
182 1
183 0
184 0
185 5
186 1
187 16
188 0
189 17
190 4
191 1
192 15
193 10
194 12
195 9
196 14
197 12
198 4
199 4
200 2
201 4
202 4
203 7
204 12
205 17
206 12
207 17
208 1
209 10
210 17
211 16
212 4
213 20
214 14
215 13
216 4
217 14
218 4
219 12
220 0
221 1
222 17
223 4
224 7
225 1
226 20
227 15
228 10
229 1
230 3
231 20
232 20
233 7
234 0
235 5
236 6
237 7
238 19
239 17
240 20
241 4
242 16
243 7
244 16
245 4
246 17
247 17
248 14
249 16
250 17
251 12
252 11
253 17
254 0
255 16
256 18
257 7
258 1
259 19
260 20
261 1
262 7
263 0
264 7
265 11
266 12
267 12
268 2
269 14
270 4
271 0
272 4
273 4
274 0
275 16
276 1
277 18
278 14
279 7
280 0
281 17
282 0
283 12
284 0
285 1
286 13
287 12
288 0
289 20
290 12
291 7
292 1
293 9
294 0
295 5
296 2
297 4
298 12
299 7
300 4
301 4
302 7
303 0
304 0
305 0
306 16
307 2
308 4
309 4
310 4
311 2
312 4
313 9
314 1
315 13
316 7
317 13
318 6
319 6
320 4
321 17
322 12
323 17
324 3
325 11
326 18
327 12
328 7
329 7
330 7
331 1
332 2
333 2
334 18
335 0
336 19
337 7
338 7
339 3
340 13
341 12
342 3
343 14
344 12
345 0
346 1
347 7
348 10
349 20
350 4
351 4
352 7
353 1
354 3
355 20
356 0
357 1
358 17
359 17
360 14
361 20
362 10
363 1
364 4
365 15
366 12
367 0
368 1
369 17
370 4
371 4
372 2
373 14
374 2
375 1
376 17
377 0
378 1
379 2
380 17
381 20
382 7
383 11
384 6
385 0
386 7
387 0
388 6
389 4
390 11
391 7
392 17
393 0
394 5
395 1
396 17
397 17
398 6
399 3
400 0
401 11
402 4
403 4
404 1
405 20
406 17
407 11
408 12
409 1
410 1
411 15
412 11
413 0
414 0
415 14
416 0
417 3
418 3
419 1
420 3
421 17
422 4
423 17
424 12
425 4
426 12
427 4
428 0
429 10
430 10
431 16
432 6
433 3
434 7
435 4
436 17
437 11
438 14
439 1
440 1
441 1
442 3
443 0
444 12
445 0
446 11
447 17
448 7
449 1
450 13
451 17
452 4
453 20
454 2
455 0
456 4
457 16
458 4
459 18
460 7
461 16
462 7
463 4
464 19
465 5
466 3
467 10
468 6
469 10
470 7
471 0
472 4
473 17
474 2
475 0
476 14
477 16
478 12
479 4
480 7
481 14
482 12
483 10
484 7
485 0
486 17
487 12
488 4
489 10
490 4
491 12
492 7
493 0
494 10
495 4
496 17
497 17
498 1
499 2
500 2
501 6
502 11
503 2
504 17
505 16
506 0
507 12
508 2
509 12
510 4
511 0
512 0
513 2
514 1
515 14
516 14
517 12
518 14
519 20
520 7
521 12
522 7
523 0
524 6
525 17
526 2
527 17
528 12
529 2
530 14
531 7
532 12
533 15
534 6
535 20
536 14
537 16
538 2
539 1
540 4
541 4
542 5
543 12
544 17
545 0
546 12
547 16
548 6
549 8
550 20
551 18
552 2
553 12
554 4
555 9
556 1
557 20
558 7
559 15
560 14
561 20
562 4
563 1
564 16
565 17
566 20
567 17
568 4
569 4
570 5
571 4
572 2
573 19
574 12
575 15
576 0
577 17
578 5
579 10
580 14
581 4
582 0
583 0
584 1
585 14
586 20
587 11
588 2
589 6
590 0
591 0
592 1
593 13
594 7
595 1
596 12
597 7
598 6
599 17
600 20
601 6
602 6
603 17
604 4
605 10
606 0
607 4
608 7
609 4
610 0
611 7
612 20
613 1
614 17
615 7
616 7
617 0
618 1
619 0
620 4
621 0
622 17
623 1
624 12
625 4
626 2
627 0
628 10
629 14
630 17
631 17
632 17
633 10
634 17
635 20
636 12
637 6
638 17
639 4
640 0
641 1
642 2
643 20
644 20
645 7
646 12
647 12
648 4
649 17
650 7
651 20
652 13
653 7
654 2
655 16
656 13
657 0
658 0
659 16
660 1
661 4
662 7
663 18
664 2
665 0
666 18
667 3
668 17
669 12
670 4
671 7
672 20
673 17
674 20
675 16
676 2
677 0
678 16
679 12
680 7
681 4
682 4
683 4
684 4
685 4
686 7
687 13
688 0
689 12
690 11
691 0
692 12
693 4
694 1
695 12
696 6
697 4
698 0
699 17
700 4
701 7
702 1
703 8
704 4
705 20
706 7
707 0
708 0
709 20
710 18
711 0
712 7
713 4
714 0
715 4
716 11
717 2
718 0
719 0
720 9
721 12
722 12
723 13
724 11
725 9
726 11
727 6
728 12
729 0
730 3
731 7
732 16
733 7
734 14
735 12
736 19
737 17
738 12
739 14
740 5
741 0
742 2
743 17
744 10
745 19
746 4
747 0
748 18
749 9
750 17
751 3
752 10
753 7
754 0
755 0
756 12
757 7
758 3
759 15
760 7
761 10
762 10
763 20
764 17
765 7
766 12
767 12
768 17
769 4
770 1
771 12
772 6
773 4
774 17
775 3
776 19
777 17
778 0
779 17
780 4
781 1
782 4
783 0
784 19
785 0
786 4
787 0
788 1
789 17
790 7
791 17
792 14
793 20
794 14
795 6
796 7
797 20
798 5
799 12
800 20
801 16
802 4
803 20
804 12
805 0
806 4
807 7
808 17
809 12
810 0
811 6
812 4
813 4
814 4
815 0
816 4
817 4
818 7
819 7
820 2
821 1
822 0
823 12
824 1
825 1
826 2
827 4
828 19
829 7
830 0
831 2
832 7
833 12
834 0
835 11
836 7
837 17
838 0
839 3
840 14
841 0
842 7
843 0
844 0
845 5
846 7
847 15
848 3
849 0
850 4
851 5
852 17
853 16
854 2
855 6
856 17
857 14
858 12
859 0
860 7
861 7
862 7
863 0
864 1
865 10
866 12
867 17
868 20
869 1
870 10
871 1
872 6
873 15
874 10
875 4
876 0
877 2
878 16
879 17
880 14
881 2
882 14
883 10
884 0
885 0
886 16
887 10
888 20
889 4
890 1
891 0
892 6
893 4
894 1
895 15
896 6
897 7
898 1
899 13
900 0
901 0
902 13
903 20
904 12
905 10
906 6
907 1
908 7
909 0
910 0
911 2
912 0
913 9
914 7
915 1
916 6
917 1
918 1
919 4
920 17
921 16
922 7
923 17
924 3
925 10
926 20
927 16
928 15
929 5
930 1
931 6
932 1
933 7
934 14
935 4
936 15
937 1
938 20
939 10
940 20
941 6
942 12
943 0
944 7
945 7
946 0
947 12
948 17
949 7
950 2
951 16
952 20
953 0
954 7
955 1
956 1
957 2
958 11
959 10
960 10
961 1
962 0
963 7
964 7
965 2
966 0
967 12
968 11
969 0
970 12
971 1
972 1
973 19
974 0
975 14
976 2
977 0
978 10
979 6
980 20
981 9
982 16
983 16
984 4
985 0
986 17
987 11
988 0
989 6
990 9
991 3
992 0
993 2
994 4
995 17
996 19
997 20
998 15
999 6
1000 4
1001 11
1002 2
1003 3
1004 11
1005 4
1006 12
1007 3
1008 7
1009 0
1010 8
1011 1
1012 13
1013 17
1014 3
1015 16
1016 0
1017 4
1018 1
1019 20
1020 0
1021 3
1022 13
1023 1
1024 16
1025 0
1026 4
1027 7
1028 0
1029 7
1030 16
1031 16
1032 5
1033 1
1034 2
1035 7
1036 7
1037 15
1038 1
1039 11
1040 2
1041 5
1042 11
1043 20
1044 10
1045 18
1046 0
1047 6
1048 14
1049 1
1050 0
1051 2
1052 0
1053 10
1054 0
1055 0
1056 17
1057 1
1058 0
1059 10
1060 0
1061 19
1062 7
1063 7
1064 0
1065 12
1066 12
1067 4
1068 20
1069 2
1070 16
1071 7
1072 6
1073 17
1074 6
1075 3
1076 3
1077 9
1078 7
1079 7
1080 4
1081 7
1082 0
1083 19
1084 7
1085 4
1086 16
1087 10
1088 6
1089 7
1090 5
1091 4
1092 14
1093 0
1094 6
1095 10
1096 17
1097 7
1098 17
1099 0
1100 1
1101 1
1102 7
1103 11
1104 6
1105 4
1106 1
1107 1
1108 10
1109 6
1110 16
1111 6
1112 4
1113 9
1114 1
1115 15
1116 14
1117 13
1118 1
1119 4
1120 7
1121 14
1122 0
1123 2
1124 4
1125 16
1126 0
1127 1
1128 17
1129 7
1130 13
1131 12
1132 2
1133 20
1134 13
1135 7
1136 4
1137 12
1138 1
1139 2
1140 3
1141 1
1142 7
1143 7
1144 3
1145 16
1146 20
1147 17
1148 12
1149 20
1150 15
1151 4
1152 10
1153 10
1154 12
1155 2
1156 7
1157 1
1158 0
1159 14
1160 0
1161 0
1162 10
1163 19
1164 12
1165 6
1166 1
1167 0
1168 20
1169 3
1170 12
1171 0
1172 7
1173 16
1174 2
1175 1
1176 17
1177 0
1178 1
1179 20
1180 7
1181 10
1182 19
1183 4
1184 1
1185 19
1186 0
1187 7
1188 0
1189 0
1190 0
1191 16
1192 12
1193 1
1194 10
1195 14
1196 1
1197 10
1198 13
1199 0
1200 4
1201 12
1202 1
1203 7
1204 0
1205 7
1206 0
1207 0
1208 7
1209 17
1210 4
1211 1
1212 0
1213 13
1214 17
1215 2
1216 12
1217 15
1218 7
1219 10
1220 0
1221 0
1222 2
1223 13
1224 7
1225 20
1226 1
1227 1
1228 4
1229 11
1230 12
1231 4
1232 20
1233 4
1234 7
1235 1
1236 4
1237 20
1238 20
1239 14
1240 10
1241 0
1242 15
1243 4
1244 17
1245 4
1246 0
1247 20
1248 2
1249 0
1250 7
1251 13
1252 20
1253 1
1254 17
1255 20
1256 14
1257 7
1258 7
1259 17
1260 4
1261 4
1262 10
1263 1
1264 20
1265 4
1266 15
1267 2
1268 13
1269 6
1270 6
1271 20
1272 2
1273 7
1274 17
1275 17
1276 0
1277 4
1278 1
1279 10
1280 19
1281 1
1282 1
1283 16
1284 4
1285 17
1286 7
1287 19
1288 6
1289 0
1290 0
1291 7
1292 5
1293 20
1294 6
1295 0
1296 7
1297 6
1298 14
1299 10
1300 2
1301 4
1302 19
1303 14
1304 20
1305 3
1306 13
1307 10
1308 14
1309 0
1310 10
1311 14
1312 4
1313 4
1314 7
1315 2
1316 7
1317 16
1318 3
1319 4
1320 14
1321 0
1322 2
1323 16
1324 1
1325 0
1326 10
1327 14
1328 14
1329 1
1330 0
1331 7
1332 17
1333 7
1334 0
1335 20
1336 17
1337 0
1338 18
1339 7
1340 7
1341 0
1342 14
1343 9
1344 2
1345 20
1346 1
1347 10
1348 7
1349 0
1350 17
1351 20
1352 10
1353 2
1354 20
1355 4
1356 0
1357 17
1358 1
1359 20
1360 0
1361 12
1362 7
1363 2
1364 10
1365 10
1366 12
1367 3
1368 5
1369 2
1370 2
1371 10
1372 1
1373 1
1374 5
1375 1
1376 16
1377 7
1378 13
1379 10
1380 11
1381 1
1382 7
1383 10
1384 5
1385 0
1386 13
1387 20
1388 17
1389 16
1390 15
1391 3
1392 4
1393 3
1394 2
1395 12
1396 7
1397 16
1398 17
1399 7
1400 1
1401 4
1402 0
1403 16
1404 13
1405 4
1406 15
1407 0
1408 4
1409 7
1410 1
1411 17
1412 3
1413 4
1414 14
1415 14
1416 16
1417 4
1418 1
1419 4
1420 10
1421 17
1422 4
1423 0
1424 10
1425 14
1426 12
1427 11
1428 3
1429 4
1430 6
1431 1
1432 14
1433 10
1434 14
1435 6
1436 3
1437 2
1438 3
1439 12
1440 16
1441 2
1442 2
1443 4
1444 2
1445 12
1446 4
1447 3
1448 20
1449 4
1450 20
1451 13
1452 14
1453 4
1454 0
1455 2
1456 1
1457 0
1458 0
1459 4
1460 0
1461 16
1462 16
1463 12
1464 16
1465 4
1466 5
1467 14
1468 20
1469 4
1470 17
1471 7
1472 14
1473 4
1474 2
1475 0
1476 1
1477 10
1478 2
1479 20
1480 17
1481 7
1482 4
1483 12
1484 9
1485 16
1486 7
1487 7
1488 2
1489 7
1490 4
1491 12
1492 14
1493 17
1494 0
1495 17
1496 5
1497 4
1498 10
1499 17
1500 11
1501 4
1502 12
1503 19
1504 11
1505 7
1506 17
1507 10
1508 0
1509 1
1510 12
1511 20
1512 16
1513 4
1514 16
1515 12
1516 0
1517 2
1518 4
1519 17
1520 7
1521 20
1522 17
1523 4
1524 16
1525 17
1526 10
1527 15
1528 4
1529 4
1530 17
1531 14
1532 1
1533 12
1534 20
1535 3
1536 20
1537 3
1538 3
1539 0
1540 17
1541 17
1542 11
1543 12
1544 20
1545 4
1546 13
1547 1
1548 6
1549 4
1550 11
1551 20
1552 15
1553 12
1554 0
1555 4
1556 4
1557 6
1558 8
1559 3
1560 4
1561 20
1562 10
1563 1
1564 17
1565 16
1566 12
1567 10
1568 13
1569 17
1570 20
1571 3
1572 0
1573 6
1574 7
1575 9
1576 0
1577 4
1578 0
1579 4
1580 4
1581 0
1582 6
1583 19
1584 20
1585 7
1586 3
1587 11
1588 0
1589 1
1590 7
1591 7
1592 16
1593 20
1594 1
1595 5
1596 12
1597 13
1598 0
1599 7
1600 12
1601 7
1602 0
1603 11
1604 0
1605 3
1606 1
1607 11
1608 9
1609 11
1610 0
1611 17
1612 20
1613 0
1614 7
1615 0
1616 12
1617 0
1618 3
1619 20
1620 4
1621 4
1622 15
1623 0
1624 0
1625 4
1626 17
1627 20
1628 4
1629 17
1630 0
1631 16
1632 7
1633 0
1634 0
1635 19
1636 0
1637 17
1638 17
1639 17
1640 0
1641 13
1642 2
1643 12
1644 9
1645 20
1646 18
1647 14
1648 19
1649 19
1650 12
1651 16
1652 0
1653 0
1654 4
1655 17
1656 0
1657 6
1658 9
1659 2
1660 7
1661 12
1662 4
1663 4
1664 17
1665 14
1666 16
1667 2
1668 17
1669 13
1670 0
1671 17
1672 10
1673 2
1674 6
1675 4
1676 14
1677 17
1678 12
1679 20
1680 4
1681 2
1682 7
1683 3
1684 12
1685 12
1686 3
1687 4
1688 5
1689 16
1690 17
1691 20
1692 12
1693 12
1694 1
1695 7
1696 4
1697 2
1698 19
1699 20
1700 4
1701 10
1702 15
1703 4
1704 4
1705 20
1706 1
1707 0
1708 0
1709 0
1710 4
1711 0
1712 0
1713 17
1714 16
1715 0
1716 6
1717 4
1718 16
1719 4
1720 19
1721 0
1722 17
1723 4
1724 19
1725 2
1726 16
1727 4
1728 7
1729 4
1730 0
1731 4
1732 14
1733 17
1734 20
1735 8
1736 20
1737 16
1738 16
1739 1
1740 7
1741 15
1742 17
1743 12
1744 0
1745 4
1746 0
1747 1
1748 2
1749 5
1750 20
1751 3
1752 6
1753 19
1754 4
1755 1
1756 4
1757 0
1758 16
1759 3
1760 0
1761 14
1762 7
1763 0
1764 4
1765 0
1766 20
1767 16
1768 17
1769 16
1770 17
1771 2
1772 4
1773 17
1774 4
1775 0
1776 20
1777 4
1778 1
1779 1
1780 0
1781 0
1782 4
1783 20
1784 4
1785 1
1786 8
1787 2
1788 10
1789 0
1790 4
1791 2
1792 4
1793 11
1794 17
1795 11
1796 7
1797 11
1798 11
1799 4
1800 6
1801 4
1802 2
1803 7
1804 4
1805 4
1806 17
1807 4
1808 14
1809 13
1810 2
1811 12
1812 6
1813 7
1814 1
1815 9
1816 1
1817 8
1818 12
1819 20
1820 20
1821 0
1822 1
1823 4
1824 7
1825 11
1826 1
1827 4
1828 16
1829 4
1830 4
1831 4
1832 17
1833 5
1834 19
1835 0
1836 2
1837 7
1838 4
1839 12
1840 0
1841 4
1842 12
1843 4
1844 2
1845 12
1846 4
1847 5
1848 7
1849 5
1850 19
1851 12
1852 0
1853 0
1854 4
1855 7
1856 10
1857 4
1858 4
1859 16
1860 16
1861 14
1862 4
1863 7
1864 1
1865 7
1866 7
1867 11
1868 14
1869 13
1870 1
1871 20
1872 7
1873 7
1874 12
1875 12
1876 20
1877 10
1878 4
1879 0
1880 2
1881 16
1882 0
1883 20
1884 17
1885 12
1886 15
1887 12
1888 14
1889 6
1890 1
1891 20
1892 0
1893 7
1894 14
1895 13
1896 2
1897 12
1898 6
1899 12
1900 7
1901 19
1902 0
1903 1
1904 20
1905 5
1906 17
1907 13
1908 4
1909 10
1910 4
1911 4
1912 17
1913 14
1914 13
1915 7
1916 10
1917 6
1918 0
1919 7
1920 12
1921 7
1922 7
1923 6
1924 7
1925 0
1926 7
1927 10
1928 10
1929 15
1930 2
1931 7
1932 19
1933 17
1934 10
1935 0
1936 11
1937 2
1938 2
1939 12
1940 17
1941 5
1942 4
1943 4
1944 20
1945 14
1946 7
1947 10
1948 17
1949 12
1950 4
1951 1
1952 2
1953 16
1954 19
1955 0
1956 4
1957 1
1958 13
1959 7
1960 3
1961 1
1962 9
1963 6
1964 17
1965 20
1966 7
1967 11
1968 3
1969 13
1970 14
1971 17
1972 1
1973 17
1974 4
1975 5
1976 6
1977 10
1978 17
1979 7
1980 1
1981 10
1982 14
1983 10
1984 12
1985 13
1986 17
1987 1
1988 6
1989 7
1990 20
1991 4
1992 17
1993 2
1994 1
1995 0
1996 0
1997 9
1998 3
1999 4
2000 1
2001 13
2002 10
2003 19
2004 4
2005 0
2006 16
2007 3
2008 7
2009 4
2010 3
2011 4
2012 0
2013 4
2014 4
2015 2
2016 17
2017 16
2018 1
2019 7
2020 0
2021 7
2022 4
2023 19
2024 13
2025 16
2026 9
2027 6
2028 12
2029 4
2030 20
2031 14
2032 20
2033 2
2034 0
2035 14
2036 14
2037 1
2038 16
2039 7
2040 20
2041 10
2042 14
2043 0
2044 0
2045 1
2046 10
2047 6
2048 0
2049 3
2050 7
2051 10
2052 11
2053 12
2054 11
2055 4
2056 1
2057 1
2058 0
2059 1
2060 1
2061 4
2062 4
2063 1
2064 6
2065 6
2066 16
2067 12
2068 15
2069 6
2070 7
2071 12
2072 4
2073 4
2074 4
2075 4
2076 0
2077 4
2078 10
2079 11
2080 17
2081 19
2082 4
2083 4
2084 0
2085 14
2086 0
2087 7
2088 17
2089 17
2090 20
2091 1
2092 0
2093 2
2094 13
2095 17
2096 5
2097 20
2098 0
2099 0
2100 16
2101 11
2102 12
2103 15
2104 1
2105 20
2106 1
2107 10
2108 16
2109 11
2110 13
2111 12
2112 6
2113 18
2114 17
2115 4
2116 13
2117 14
2118 4
2119 0
2120 13
2121 12
2122 0
2123 0
2124 3
2125 14
2126 4
2127 1
2128 5
2129 0
2130 0
2131 14
2132 10
2133 10
2134 1
2135 18
2136 10
2137 4
2138 3
2139 14
2140 16
2141 14
2142 4
2143 0
2144 10
2145 2
2146 0
2147 0
2148 0
2149 4
2150 13
2151 4
2152 16
2153 12
2154 10
2155 19
2156 3
2157 12
2158 14
2159 19
2160 2
2161 10
2162 0
2163 0
2164 7
2165 10
2166 6
2167 10
2168 0
2169 16
2170 0
2171 20
2172 13
2173 12
2174 4
2175 19
2176 20
2177 14
2178 0
2179 12
2180 0
2181 4
2182 1
2183 4
2184 17
2185 5
2186 16
2187 19
2188 10
2189 15
2190 4
2191 0
2192 10
2193 17
2194 10
2195 12
2196 1
2197 9
2198 10
2199 1
2200 20
2201 10
2202 12
2203 3
2204 7
2205 7
2206 4
2207 0
2208 7
2209 17
2210 6
2211 4
2212 0
2213 1
2214 0
2215 20
2216 10
2217 17
2218 6
2219 3
2220 17
2221 1
2222 2
2223 12
2224 5
2225 7
2226 14
2227 12
2228 0
2229 1
2230 11
2231 14
2232 3
2233 1
2234 10
2235 10
2236 6
2237 4
2238 10
2239 12
2240 5
2241 4
2242 2
2243 10
2244 10
2245 0
2246 2
2247 12
2248 5
2249 19
2250 14
2251 1
2252 0
2253 5
2254 6
2255 15
2256 4
2257 4
2258 16
2259 20
2260 5
2261 17
2262 6
2263 7
2264 13
2265 2
2266 13
2267 1
2268 0
2269 1
2270 14
2271 0
2272 6
2273 2
2274 7
2275 13
2276 9
2277 17
2278 7
2279 6
2280 11
2281 2
2282 18
2283 20
2284 10
2285 17
2286 0
2287 10
2288 1
2289 0
2290 1
2291 15
2292 3
2293 13
2294 11
2295 6
2296 13
2297 17
2298 10
2299 13
2300 12
2301 12
2302 17
2303 12
2304 20
2305 4
2306 17
2307 16
2308 0
2309 12
2310 4
2311 0
2312 6
2313 1
2314 7
2315 0
2316 9
2317 7
2318 7
2319 1
2320 7
2321 13
2322 3
2323 17
2324 4
2325 4
2326 10
2327 7
2328 15
2329 7
2330 1
2331 14
2332 6
2333 7
2334 17
2335 18
2336 17
2337 17
2338 3
2339 2
2340 1
2341 3
2342 1
2343 12
2344 16
2345 10
2346 1
2347 12
2348 8
2349 4
2350 0
2351 13
2352 9
2353 11
2354 9
2355 16
2356 14
2357 6
2358 13
2359 6
2360 7
2361 14
2362 14
2363 9
2364 7
2365 16
2366 9
2367 13
2368 14
2369 1
2370 7
2371 7
2372 7
2373 14
2374 7
2375 1
2376 0
2377 3
2378 18
2379 4
2380 9
2381 13
2382 14
2383 17
2384 2
2385 0
2386 17
2387 5
2388 16
2389 6
2390 18
2391 3
2392 13
2393 6
2394 7
2395 0
2396 11
2397 0
2398 17
2399 16
2400 4
2401 17
2402 4
2403 7
2404 8
2405 12
2406 16
2407 1
2408 9
2409 7
2410 14
2411 13
2412 7
2413 1
2414 7
2415 7
2416 1
2417 10
2418 0
2419 7
2420 7
2421 9
2422 9
2423 17
2424 14
2425 0
2426 14
2427 17
2428 2
2429 4
2430 4
2431 4
2432 4
2433 4
2434 4
2435 7
2436 4
2437 1
2438 17
2439 17
2440 6
2441 17
2442 0
2443 4
2444 0
2445 7
2446 14
2447 6
2448 13
2449 16
2450 12
2451 7
2452 7
2453 0
2454 7
2455 5
2456 0
2457 7
2458 7
2459 1
2460 4
2461 1
2462 7
2463 4
2464 6
2465 15
2466 10
2467 1
2468 4
2469 18
2470 13
2471 18
2472 12
2473 12
2474 18
2475 12
2476 0
2477 1
2478 1
2479 20
2480 14
2481 3
2482 13
2483 5
2484 14
2485 12
2486 7
2487 2
2488 9
2489 12
2490 7
2491 2
2492 2
2493 4
2494 4
2495 1
2496 14
2497 18
2498 0
2499 1
2500 15
2501 13
2502 17
2503 7
2504 7
2505 14
2506 4
2507 3
2508 5
2509 7
2510 7
2511 14
2512 1
2513 14
2514 12
2515 6
2516 9
2517 7
2518 2
2519 2
2520 17
2521 11
2522 17
2523 9
2524 1
2525 13
2526 15
2527 0
2528 9
2529 0
2530 7
2531 13
2532 3
2533 6
2534 2
2535 13
2536 11
2537 13
2538 7
2539 6
2540 5
2541 13
2542 0
2543 1
2544 13
2545 13
2546 0
2547 6
2548 13
2549 7
2550 12
2551 9
2552 7
2553 1
2554 7
2555 4
2556 19
2557 17
2558 10
2559 6
2560 15
2561 0
2562 13
2563 20
2564 5
2565 17
2566 0
2567 17
2568 0
2569 14
2570 17
2571 14
2572 16
2573 6
2574 7
2575 17
2576 7
2577 7
2578 15
2579 1
2580 11
2581 1
2582 7
2583 1
2584 15
2585 20
2586 7
2587 13
2588 0
2589 4
2590 1
2591 7
2592 16
2593 7
2594 4
2595 7
2596 0
2597 17
2598 12
2599 14
2600 16
2601 12
2602 17
2603 0
2604 7
2605 7
2606 0
2607 1
2608 12
2609 7
2610 3
2611 3
2612 1
2613 7
2614 7
2615 7
2616 15
2617 4
2618 12
2619 4
2620 0
2621 6
2622 1
2623 0
2624 7
2625 1
2626 1
2627 2
2628 11
2629 5
2630 1
2631 0
2632 9
2633 1
2634 0
2635 12
2636 20
2637 14
2638 6
2639 12
2640 6
2641 0
2642 17
2643 15
2644 7
2645 17
2646 11
2647 17
2648 16
2649 7
2650 14
2651 20
2652 7
2653 9
2654 7
2655 13
2656 10
2657 7
2658 14
2659 17
2660 13
2661 17
2662 4
2663 7
2664 11
2665 16
2666 6
2667 4
2668 0
2669 6
2670 12
2671 7
2672 7
2673 4
2674 18
2675 20
2676 7
2677 6
2678 4
2679 12
2680 4
2681 4
2682 7
2683 0
2684 7
2685 0
2686 10
2687 17
2688 12
2689 7
2690 4
2691 4
2692 13
2693 4
2694 11
2695 7
2696 17
2697 2
2698 13
2699 7
2700 1
2701 6
2702 11
2703 13
2704 1
2705 1
2706 13
2707 7
2708 0
2709 17
2710 4
2711 19
2712 7
2713 4
2714 4
2715 4
2716 4
2717 4
2718 12
2719 0
2720 14
2721 7
2722 9
2723 2
2724 7
2725 11
2726 11
2727 12
2728 7
2729 11
2730 7
2731 17
2732 17
2733 4
2734 7
2735 12
2736 3
2737 2
2738 7
2739 17
2740 14
2741 17
2742 14
2743 17
2744 1
2745 14
2746 4
2747 4
2748 12
2749 15
2750 16
2751 15
2752 20
2753 12
2754 7
2755 4
2756 2
2757 8
2758 7
2759 0
2760 6
2761 16
2762 4
2763 7
2764 7
2765 7
2766 0
2767 17
2768 7
2769 1
2770 1
2771 17
2772 2
2773 1
2774 4
2775 14
2776 4
2777 13
2778 7
2779 17
2780 4
2781 4
2782 17
2783 20
2784 13
2785 4
2786 4
2787 1
2788 4
2789 20
2790 7
2791 4
2792 7
2793 2
2794 13
2795 14
2796 7
2797 20
2798 0
2799 4
2800 3
2801 20
2802 7
2803 0
2804 19
2805 10
2806 11
2807 16
2808 7
2809 10
2810 19
2811 17
2812 20
2813 7
2814 17
2815 7
2816 12
2817 12
2818 14
2819 0
2820 20
2821 7
2822 4
2823 4
2824 20
2825 12
2826 17
2827 4
2828 20
2829 7
2830 0
2831 17
2832 15
2833 1
2834 20
2835 12
2836 0
2837 1
2838 17
2839 0
2840 12
2841 17
2842 4
2843 20
2844 4
2845 4
2846 4
2847 0
2848 11
2849 20
2850 7
2851 12
2852 1
2853 4
2854 4
2855 11
2856 0
2857 10
2858 1
2859 17
2860 15
2861 7
2862 2
2863 3
2864 6
2865 7
2866 17
2867 12
2868 17
2869 18
2870 14
2871 20
2872 4
2873 20
2874 2
2875 17
2876 1
2877 20
2878 4
2879 12
2880 12
2881 20
2882 20
2883 3
2884 1
2885 4
2886 3
2887 14
2888 3
2889 7
2890 4
2891 4
2892 1
2893 4
2894 11
2895 14
2896 5
2897 4
2898 14
2899 12
2900 17
2901 12
2902 16
2903 4
2904 17
2905 19
2906 5
2907 2
2908 7
2909 19
2910 4
2911 4
2912 20
2913 4
2914 7
2915 2
2916 0
2917 12
2918 17
2919 2
2920 1
2921 17
2922 12
2923 4
2924 4
2925 2
2926 12
2927 2
2928 2
2929 17
2930 4
2931 12
2932 11
2933 20
2934 0
2935 4
2936 4
2937 0
2938 15
2939 0
2940 12
2941 1
2942 12
2943 4
2944 17
2945 16
2946 0
2947 14
2948 17
2949 0
2950 14
2951 4
2952 20
2953 2
2954 14
2955 12
2956 4
2957 7
2958 17
2959 4
2960 17
2961 3
2962 4
2963 17
2964 4
2965 4
2966 0
2967 0
2968 7
2969 4
2970 4
2971 4
2972 4
2973 4
2974 11
2975 20
2976 4
2977 20
2978 2
2979 7
2980 6
2981 4
2982 4
2983 4
2984 4
2985 4
2986 4
2987 6
2988 12
2989 12
2990 1
2991 4
2992 19
2993 5
2994 15
2995 0
2996 16
2997 1
2998 7
2999 4
3000 4
3001 11
3002 15
3003 4
3004 17
3005 4
3006 0
3007 4
3008 3
3009 12
3010 1
3011 12
3012 17
3013 7
3014 6
3015 12
3016 9
3017 0
3018 12
3019 7
3020 15
3021 17
3022 7
3023 17
3024 0
3025 4
3026 4
3027 10
3028 4
3029 1
3030 4
3031 0
3032 4
3033 1
3034 7
3035 13
3036 2
3037 2
3038 3
3039 8
3040 4
3041 1
3042 2
3043 16
3044 1
3045 4
3046 4
3047 2
3048 0
3049 12
3050 17
3051 12
3052 3
3053 4
3054 3
3055 18
3056 12
3057 12
3058 0
3059 1
3060 2
3061 4
3062 4
3063 17
3064 4
3065 4
3066 0
3067 9
3068 4
3069 4
3070 1
3071 1
3072 0
3073 0
3074 11
3075 17
3076 4
3077 1
3078 1
3079 20
3080 7
3081 6
3082 0
3083 16
3084 4
3085 12
3086 1
3087 4
3088 16
3089 2
3090 0
3091 15
3092 20
3093 0
3094 3
3095 3
3096 5
3097 4
3098 17
3099 6
3100 15
3101 12
3102 20
3103 17
3104 12
3105 0
3106 17
3107 6
3108 11
3109 0
3110 4
3111 12
3112 10
3113 5
3114 17
3115 12
3116 0
3117 0
3118 1
3119 4
3120 2
3121 7
3122 2
3123 12
3124 7
3125 2
3126 0
3127 2
3128 7
3129 7
3130 2
3131 7
3132 4
3133 4
3134 15
3135 4
3136 11
3137 17
3138 13
3139 4
3140 14
3141 20
3142 16
3143 7
3144 4
3145 0
3146 14
3147 20
3148 4
3149 3
3150 0
3151 4
3152 4
3153 4
3154 7
3155 7
3156 12
3157 15
3158 15
3159 17
3160 7
3161 1
3162 15
3163 12
3164 7
3165 4
3166 2
3167 5
3168 0
3169 0
3170 3
3171 12
3172 12
3173 14
3174 16
3175 17
3176 6
3177 5
3178 20
3179 14
3180 12
3181 12
3182 7
3183 18
3184 7
3185 1
3186 12
3187 13
3188 16
3189 17
3190 12
3191 4
3192 0
3193 15
3194 4
3195 4
3196 14
3197 12
3198 0
3199 1
3200 7
3201 4
3202 0
3203 16
3204 16
3205 20
3206 7
3207 14
3208 0
3209 0
3210 16
3211 17
3212 1
3213 7
3214 13
3215 1
3216 0
3217 6
3218 4
3219 7
3220 0
3221 7
3222 20
3223 14
3224 0
3225 4
3226 14
3227 14
3228 1
3229 16
3230 7
3231 12
3232 2
3233 0
3234 4
3235 15
3236 7
3237 7
3238 12
3239 4
3240 0
3241 13
3242 12
3243 4
3244 2
3245 1
3246 15
3247 7
3248 4
3249 4
3250 17
3251 0
3252 4
3253 6
3254 15
3255 15
3256 14
3257 6
3258 4
3259 4
3260 20
3261 14
3262 11
3263 1
3264 15
3265 4
3266 4
3267 12
3268 20
3269 11
3270 0
3271 0
3272 7
3273 20
3274 7
3275 20
3276 17
3277 7
3278 15
3279 7
3280 17
3281 3
3282 16
3283 6
3284 4
3285 7
3286 13
3287 14
3288 6
3289 14
3290 7
3291 6
3292 14
3293 4
3294 18
3295 14
3296 4
3297 10
3298 4
3299 5
3300 2
3301 17
3302 17
3303 5
3304 20
3305 14
3306 6
3307 20
3308 17
3309 14
3310 4
3311 4
3312 20
3313 7
3314 12
3315 19
3316 4
3317 13
3318 13
3319 1
3320 1
3321 4
3322 14
3323 17
3324 14
3325 7
3326 12
3327 19
3328 18
3329 1
3330 7
3331 7
3332 16
3333 0
3334 0
3335 17
3336 4
3337 16
3338 17
3339 16
3340 20
3341 5
3342 4
3343 0
3344 7
3345 7
3346 7
3347 16
3348 4
3349 0
3350 5
3351 0
3352 17
3353 7
3354 1
3355 7
3356 18
3357 1
3358 20
3359 0
3360 4
3361 0
3362 9
3363 13
3364 17
3365 14
3366 16
3367 14
3368 18
3369 4
3370 2
3371 13
3372 16
3373 5
3374 4
3375 16
3376 17
3377 4
3378 1
3379 0
3380 0
3381 10
3382 16
3383 7
3384 9
3385 4
3386 1
3387 1
3388 0
3389 20
3390 4
3391 6
3392 12
3393 7
3394 7
3395 12
3396 5
3397 20
3398 4
3399 14
3400 7
3401 20
3402 5
3403 8
3404 14
3405 7
3406 5
3407 17
3408 4
3409 1
3410 4
3411 18
3412 17
3413 17
3414 7
3415 12
3416 2
3417 3
3418 1
3419 7
3420 7
3421 5
3422 7
3423 6
3424 20
3425 20
3426 14
3427 1
3428 7
3429 1
3430 6
3431 12
3432 12
3433 4
3434 1
3435 0
3436 0
3437 0
3438 17
3439 17
3440 14
3441 12
3442 17
3443 14
3444 20
3445 7
3446 12
3447 3
3448 14
3449 5
3450 11
3451 14
3452 7
3453 0
3454 0
3455 17
3456 20
3457 0
3458 4
3459 4
3460 0
3461 4
3462 15
3463 14
3464 14
3465 14
3466 14
3467 20
3468 17
3469 17
3470 4
3471 6
3472 16
3473 11
3474 14
3475 0
3476 1
3477 7
3478 4
3479 0
3480 4
3481 17
3482 7
3483 4
3484 0
3485 0
3486 4
3487 17
3488 4
3489 0
3490 16
3491 7
3492 17
3493 1
3494 4
3495 5
3496 2
3497 17
3498 3
3499 7
3500 7
3501 7
3502 4
3503 7
3504 15
3505 12
3506 0
3507 4
3508 4
3509 4
3510 0
3511 17
3512 16
3513 12
3514 3
3515 4
3516 12
3517 7
3518 14
3519 0
3520 0
3521 0
3522 7
3523 0
3524 4
3525 2
3526 0
3527 5
3528 1
3529 0
3530 11
3531 14
3532 2
3533 17
3534 18
3535 4
3536 10
3537 0
3538 4
3539 17
3540 3
3541 15
3542 17
3543 4
3544 12
3545 20
3546 16
3547 7
3548 7
3549 5
3550 0
3551 2
3552 16
3553 15
3554 7
3555 17
3556 5
3557 17
3558 4
3559 6
3560 14
3561 6
3562 2
3563 11
3564 18
3565 0
3566 14
3567 0
3568 2
3569 12
3570 4
3571 11
3572 10
3573 6
3574 18
3575 7
3576 0
3577 3
3578 0
3579 3
3580 1
3581 0
3582 9
3583 0
3584 20
3585 20
3586 3
3587 2
3588 0
3589 15
3590 6
3591 2
3592 9
3593 0
3594 0
3595 4
3596 17
3597 16
3598 20
3599 3
3600 12
3601 7
3602 10
3603 12
3604 15
3605 17
3606 9
3607 17
3608 6
3609 2
3610 14
3611 0
3612 0
3613 17
3614 0
3615 7
3616 17
3617 16
3618 7
3619 4
3620 1
3621 11
3622 12
3623 10
3624 17
3625 1
3626 7
3627 7
3628 4
3629 4
3630 11
3631 18
3632 1
3633 1
3634 0
3635 6
3636 2
3637 4
3638 7
3639 0
3640 7
3641 17
3642 11
3643 17
3644 20
3645 7
3646 4
3647 0
3648 0
3649 14
3650 12
3651 15
3652 17
3653 7
3654 5
3655 17
3656 7
3657 4
3658 7
3659 12
3660 16
3661 9
3662 1
3663 0
3664 0
3665 10
3666 7
3667 14
3668 14
3669 4
3670 5
3671 2
3672 20
3673 7
3674 12
3675 12
3676 0
3677 4
3678 1
3679 7
3680 1
3681 2
3682 17
3683 5
3684 7
3685 1
3686 6
3687 0
3688 0
3689 7
3690 17
3691 15
3692 12
3693 2
3694 7
3695 15
3696 7
3697 3
3698 14
3699 1
3700 15
3701 12
3702 0
3703 7
3704 12
3705 0
3706 7
3707 12
3708 10
3709 0
3710 17
3711 7
3712 17
3713 5
3714 12
3715 17
3716 17
3717 1
3718 7
3719 15
3720 18
3721 14
3722 6
3723 4
3724 17
3725 7
3726 4
3727 4
3728 1
3729 17
3730 17
3731 4
3732 4
3733 0
3734 1
3735 14
3736 7
3737 11
3738 5
3739 0
3740 0
3741 7
3742 0
3743 9
3744 5
3745 13
3746 4
3747 0
3748 4
3749 12
3750 1
3751 7
3752 7
3753 14
3754 12
3755 7
3756 5
3757 6
3758 0
3759 17
3760 6
3761 2
3762 1
3763 3
3764 1
3765 0
3766 4
3767 15
3768 3
3769 1
3770 17
3771 6
3772 0
3773 12
3774 4
3775 4
3776 0
3777 2
3778 0
3779 11
3780 0
3781 7
3782 1
3783 20
3784 0
3785 0
3786 0
3787 0
3788 17
3789 18
3790 6
3791 4
3792 4
3793 4
3794 14
3795 7
3796 7
3797 0
3798 1
3799 12
3800 0
3801 9
3802 6
3803 1
3804 4
3805 19
3806 7
3807 6
3808 7
3809 15
3810 17
3811 7
3812 15
3813 17
3814 3
3815 3
3816 17
3817 12
3818 17
3819 20
3820 20
3821 7
3822 17
3823 1
3824 1
3825 2
3826 20
3827 1
3828 4
3829 6
3830 7
3831 1
3832 2
3833 7
3834 8
3835 17
3836 14
3837 14
3838 0
3839 18
3840 16
3841 10
3842 4
3843 12
3844 0
3845 7
3846 15
3847 0
3848 3
3849 12
3850 16
3851 14
3852 14
3853 17
3854 20
3855 14
3856 9
3857 0
3858 17
3859 4
3860 17
3861 0
3862 20
3863 10
3864 14
3865 3
3866 12
3867 17
3868 17
3869 4
3870 1
3871 2
3872 7
3873 0
3874 0
3875 1
3876 16
3877 3
3878 7
3879 2
3880 14
3881 16
3882 4
3883 12
3884 7
3885 4
3886 17
3887 6
3888 4
3889 16
3890 20
3891 6
3892 16
3893 0
3894 0
3895 17
3896 11
3897 17
3898 14
3899 14
3900 5
3901 0
3902 10
3903 17
3904 17
3905 14
3906 0
3907 17
3908 20
3909 0
3910 4
3911 17
3912 4
3913 3
3914 4
3915 9
3916 18
3917 0
3918 17
3919 14
3920 4
3921 2
3922 12
3923 12
3924 2
3925 16
3926 0
3927 5
3928 3
3929 5
3930 7
3931 6
3932 0
3933 18
3934 12
3935 2
3936 2
3937 7
3938 20
3939 17
3940 4
3941 7
3942 16
3943 1
3944 12
3945 0
3946 12
3947 0
3948 4
3949 4
3950 1
3951 12
3952 4
3953 0
3954 0
3955 11
3956 7
3957 1
3958 14
3959 1
3960 0
3961 20
3962 16
3963 11
3964 0
3965 2
3966 2
3967 7
3968 2
3969 4
3970 6
3971 7
3972 0
3973 5
3974 0
3975 14
3976 13
3977 9
3978 4
3979 0
3980 13
3981 0
3982 7
3983 16
3984 7
3985 4
3986 14
3987 12
3988 16
3989 7
3990 4
3991 0
3992 7
3993 17
3994 14
3995 17
3996 0
3997 17
3998 7
3999 1
4000 16
4001 13
4002 0
4003 7
4004 7
4005 12
4006 1
4007 7
4008 14
4009 17
4010 4
4011 1
4012 0
4013 3
4014 0
4015 14
4016 20
4017 17
4018 6
4019 20
4020 14
4021 9
4022 5
4023 6
4024 7
4025 7
4026 4
4027 3
4028 7
4029 0
4030 12
4031 6
4032 0
4033 4
4034 1
4035 16
4036 6
4037 16
4038 20
4039 3
4040 15
4041 15
4042 3
4043 13
4044 17
4045 4
4046 1
4047 11
4048 6
4049 14
4050 2
4051 18
4052 3
4053 0
4054 10
4055 6
4056 6
4057 14
4058 18
4059 6
4060 7
4061 1
4062 0
4063 5
4064 0
4065 20
4066 3
4067 15
4068 15
4069 17
4070 6
4071 6
4072 6
4073 16
4074 17
4075 2
4076 15
4077 17
4078 1
4079 12
4080 20
4081 14
4082 13
4083 6
4084 10
4085 4
4086 3
4087 7
4088 6
4089 17
4090 0
4091 4
4092 17
4093 0
4094 15
4095 7
4096 7
4097 17
4098 6
4099 4
4100 10
4101 16
4102 16
4103 7
4104 16
4105 0
4106 17
4107 3
4108 7
4109 15
4110 18
4111 17
4112 14
4113 15
4114 7
4115 4
4116 3
4117 1
4118 16
4119 7
4120 19
4121 4
4122 18
4123 2
4124 17
4125 17
4126 6
4127 11
4128 6
4129 7
4130 17
4131 4
4132 12
4133 10
4134 16
4135 7
4136 7
4137 14
4138 0
4139 17
4140 7
4141 5
4142 4
4143 1
4144 17
4145 7
4146 7
4147 1
4148 0
4149 20
4150 14
4151 17
4152 1
4153 17
4154 20
4155 18
4156 10
4157 9
4158 20
4159 0
4160 14
4161 7
4162 1
4163 14
4164 7
4165 20
4166 6
4167 0
4168 7
4169 16
4170 7
4171 11
4172 3
4173 0
4174 7
4175 17
4176 16
4177 20
4178 13
4179 7
4180 18
4181 1
4182 7
4183 14
4184 7
4185 20
4186 7
4187 14
4188 17
4189 15
4190 17
4191 13
4192 4
4193 13
4194 14
4195 1
4196 4
4197 9
4198 7
4199 0
4200 7
4201 18
4202 7
4203 15
4204 1
4205 1
4206 0
4207 0
4208 17
4209 5
4210 18
4211 7
4212 0
4213 7
4214 17
4215 4
4216 17
4217 17
4218 0
4219 4
4220 17
4221 17
4222 1
4223 3
4224 6
4225 19
4226 18
4227 17
4228 13
4229 18
4230 20
4231 4
4232 3
4233 2
4234 3
4235 14
4236 16
4237 7
4238 17
4239 7
4240 7
4241 7
4242 17
4243 12
4244 7
4245 4
4246 4
4247 17
4248 0
4249 7
4250 3
4251 11
4252 17
4253 12
4254 2
4255 16
4256 17
4257 17
4258 16
4259 6
4260 6
4261 7
4262 1
4263 12
4264 13
4265 7
4266 20
4267 18
4268 7
4269 7
4270 17
4271 13
4272 1
4273 16
4274 0
4275 16
4276 7
4277 16
4278 17
4279 13
4280 0
4281 9
4282 7
4283 0
4284 17
4285 7
4286 9
4287 14
4288 17
4289 14
4290 0
4291 9
4292 10
4293 6
4294 15
4295 14
4296 2
4297 4
4298 11
4299 1
4300 2
4301 0
4302 17
4303 7
4304 0
4305 0
4306 0
4307 4
4308 13
4309 18
4310 7
4311 17
4312 4
4313 6
4314 14
4315 5
4316 7
4317 5
4318 7
4319 6
4320 4
4321 5
4322 0
4323 13
4324 17
4325 3
4326 14
4327 6
4328 6
4329 3
4330 2
4331 1
4332 0
4333 0
4334 20
4335 5
4336 2
4337 17
4338 17
4339 0
4340 12
4341 1
4342 14
4343 17
4344 20
4345 0
4346 2
4347 12
4348 4
4349 7
4350 14
4351 14
4352 16
4353 9
4354 17
4355 4
4356 9
4357 15
4358 17
4359 14
4360 18
4361 16
4362 15
4363 0
4364 17
4365 7
4366 16
4367 4
4368 17
4369 12
4370 4
4371 5
4372 5
4373 0
4374 17
4375 4
4376 1
4377 4
4378 18
4379 4
4380 0
4381 4
4382 5
4383 4
4384 3
4385 4
4386 0
4387 4
4388 4
4389 4
4390 4
4391 6
4392 1
4393 4
4394 4
4395 4
4396 4
4397 4
4398 14
4399 15
4400 1
4401 14
4402 16
4403 4
4404 2
4405 14
4406 19
4407 4
4408 4
4409 13
4410 4
4411 0
4412 4
4413 15
4414 0
4415 12
4416 15
4417 0
4418 5
4419 4
4420 7
4421 7
4422 17
4423 0
4424 14
4425 5
4426 0
4427 14
4428 12
4429 0
4430 7
4431 7
4432 12
4433 5
4434 0
4435 6
4436 1
4437 4
4438 15
4439 2
4440 12
4441 3
4442 18
4443 5
4444 14
4445 12
4446 15
4447 14
4448 7
4449 0
4450 20
4451 7
4452 2
4453 14
4454 4
4455 1
4456 14
4457 20
4458 0
4459 7
4460 1
4461 4
4462 11
4463 6
4464 7
4465 12
4466 12
4467 6
4468 16
4469 1
4470 7
4471 4
4472 1
4473 7
4474 12
4475 13
4476 0
4477 18
4478 1
4479 6
4480 17
4481 4
4482 7
4483 7
4484 4
4485 5
4486 4
4487 13
4488 10
4489 0
4490 4
4491 2
4492 0
4493 7
4494 6
4495 7
4496 17
4497 0
4498 1
4499 0
4500 7
4501 16
4502 4
4503 20
4504 7
4505 7
4506 7
4507 1
4508 0
4509 3
4510 13
4511 4
4512 1
4513 0
4514 7
4515 4
4516 12
4517 1
4518 2
4519 2
4520 14
4521 20
4522 0
4523 14
4524 6
4525 1
4526 4
4527 7
4528 12
4529 4
4530 19
4531 12
4532 1
4533 12
4534 19
4535 14
4536 10
4537 0
4538 2
4539 1
4540 16
4541 7
4542 12
4543 2
4544 10
4545 16
4546 12
4547 0
4548 16
4549 9
4550 9
4551 16
4552 14
4553 14
4554 7
4555 0
4556 9
4557 10
4558 6
4559 12
4560 14
4561 17
4562 4
4563 4
4564 0
4565 17
4566 7
4567 10
4568 16
4569 4
4570 10
4571 7
4572 7
4573 0
4574 4
4575 13
4576 1
4577 0
4578 1
4579 0
4580 7
4581 4
4582 14
4583 4
4584 17
4585 20
4586 15
4587 4
4588 1
4589 16
4590 18
4591 4
4592 4
4593 3
4594 0
4595 0
4596 14
4597 7
4598 2
4599 15
4600 15
4601 10
4602 0
4603 0
4604 4
4605 4
4606 4
4607 4
4608 12
4609 1
4610 17
4611 20
4612 6
4613 14
4614 1
4615 17
4616 4
4617 12
4618 16
4619 12
4620 7
4621 14
4622 1
4623 6
4624 4
4625 4
4626 4
4627 0
4628 0
4629 20
4630 4
4631 9
4632 4
4633 11
4634 4
4635 7
4636 0
4637 0
4638 1
4639 6
4640 6
4641 20
4642 4
4643 13
4644 7
4645 0
4646 7
4647 12
4648 20
4649 1
4650 17
4651 14
4652 4
4653 14
4654 4
4655 15
4656 4
4657 4
4658 7
4659 2
4660 1
4661 14
4662 14
4663 7
4664 5
4665 12
4666 13
4667 16
4668 7
4669 4
4670 14
4671 6
4672 2
4673 13
4674 0
4675 15
4676 7
4677 0
4678 0
4679 1
4680 1
4681 14
4682 9
4683 12
4684 10
4685 17
4686 7
4687 1
4688 7
4689 18
4690 12
4691 10
4692 6
4693 0
4694 4
4695 17
4696 11
4697 7
4698 20
4699 0
4700 14
4701 0
4702 0
4703 0
4704 16
4705 17
4706 17
4707 17
4708 1
4709 2
4710 16
4711 17
4712 7
4713 9
4714 2
4715 11
4716 12
4717 7
4718 6
4719 5
4720 16
4721 0
4722 19
4723 16
4724 11
4725 17
4726 14
4727 18
4728 1
4729 3
4730 20
4731 16
4732 1
4733 3
4734 3
4735 7
4736 3
4737 13
4738 15
4739 4
4740 1
4741 4
4742 16
4743 0
4744 0
4745 15
4746 4
4747 1
4748 0
4749 7
4750 16
4751 17
4752 13
4753 0
4754 17
4755 15
4756 14
4757 11
4758 10
4759 16
4760 16
4761 9
4762 4
4763 1
4764 7
4765 4
4766 17
4767 1
4768 14
4769 17
4770 3
4771 2
4772 0
4773 3
4774 12
4775 6
4776 1
4777 0
4778 6
4779 14
4780 6
4781 11
4782 7
4783 2
4784 2
4785 4
4786 7
4787 6
4788 0
4789 16
4790 7
4791 17
4792 1
4793 4
4794 4
4795 4
4796 1
4797 16
4798 1
4799 1
4800 17
4801 2
4802 0
4803 4
4804 12
4805 1
4806 14
4807 9
4808 14
4809 18
4810 6
4811 1
4812 17
4813 18
4814 11
4815 19
4816 0
4817 4
4818 7
4819 17
4820 12
4821 0
4822 20
4823 0
4824 10
4825 1
4826 14
4827 16
4828 9
4829 20
4830 16
4831 5
4832 1
4833 6
4834 6
4835 12
4836 1
4837 1
4838 7
4839 1
4840 2
4841 12
4842 6
4843 4
4844 3
4845 17
4846 0
4847 7
4848 13
4849 12
4850 7
4851 14
4852 1
4853 14
4854 2
4855 4
4856 0
4857 9
4858 20
4859 14
4860 12
4861 16
4862 17
4863 6
4864 3
4865 12
4866 1
4867 11
4868 4
4869 0
4870 17
4871 4
4872 4
4873 3
4874 9
4875 16
4876 11
4877 10
4878 14
4879 1
4880 17
4881 2
4882 0
4883 4
4884 1
4885 17
4886 12
4887 17
4888 7
4889 3
4890 6
4891 16
4892 1
4893 12
4894 20
4895 7
4896 14
4897 12
4898 15
4899 1
4900 17
4901 7
4902 15
4903 12
4904 12
4905 0
4906 20
4907 1
4908 1
4909 12
4910 20
4911 0
4912 12
4913 0
4914 1
4915 15
4916 17
4917 18
4918 0
4919 6
4920 10
4921 0
4922 3
4923 1
4924 17
4925 17
4926 7
4927 15
4928 0
4929 17
4930 4
4931 0
4932 4
4933 7
4934 11
4935 20
4936 12
4937 0
4938 17
4939 0
4940 1
4941 17
4942 2
4943 4
4944 16
4945 17
4946 14
4947 12
4948 0
4949 13
4950 15
4951 2
4952 7
4953 17
4954 1
4955 7
4956 6
4957 17
4958 0
4959 10
4960 14
4961 4
4962 20
4963 19
4964 12
4965 7
4966 0
4967 2
4968 20
4969 0
4970 11
4971 4
4972 14
4973 2
4974 1
4975 1
4976 12
4977 16
4978 0
4979 0
4980 12
4981 8
4982 17
4983 0
4984 4
4985 14
4986 2
4987 17
4988 17
4989 20
4990 7
4991 10
4992 4
4993 13
4994 4
4995 2
4996 17
4997 12
4998 1
4999 16
5000 3
5001 4
5002 20
5003 16
5004 15
5005 4
5006 15
5007 4
5008 0
5009 6
5010 1
5011 12
5012 12
5013 7
5014 13
5015 6
5016 7
5017 20
5018 1
5019 20
5020 17
5021 14
5022 12
5023 4
5024 1
5025 4
5026 17
5027 13
5028 15
5029 17
5030 7
5031 12
5032 20
5033 4
5034 12
5035 6
5036 2
5037 6
5038 6
5039 0
5040 16
5041 6
5042 7
5043 12
5044 4
5045 7
5046 16
5047 4
5048 2
5049 16
5050 1
5051 7
5052 17
5053 16
5054 17
5055 19
5056 16
5057 10
5058 4
5059 14
5060 1
5061 13
5062 7
5063 0
5064 2
5065 7
5066 17
5067 2
5068 0
5069 6
5070 3
5071 2
5072 7
5073 4
5074 12
5075 4
5076 1
5077 4
5078 4
5079 17
5080 1
5081 6
5082 17
5083 16
5084 19
5085 17
5086 14
5087 7
5088 10
5089 1
5090 11
5091 16
5092 7
5093 0
5094 6
5095 0
5096 12
5097 16
5098 20
5099 7
5100 1
5101 0
5102 9
5103 6
5104 15
5105 2
5106 13
5107 0
5108 10
5109 12
5110 6
5111 0
5112 10
5113 0
5114 7
5115 7
5116 0
5117 12
5118 2
5119 0
5120 11
5121 5
5122 7
5123 17
5124 1
5125 1
5126 7
5127 11
5128 17
5129 7
5130 12
5131 18
5132 17
5133 16
5134 6
5135 17
5136 1
5137 4
5138 0
5139 7
5140 1
5141 0
5142 20
5143 1
5144 3
5145 19
5146 4
5147 7
5148 16
5149 16
5150 14
5151 1
5152 4
5153 7
5154 4
5155 4
5156 17
5157 6
5158 17
5159 6
5160 6
5161 15
5162 7
5163 4
5164 4
5165 17
5166 11
5167 10
5168 1
5169 9
5170 10
5171 14
5172 0
5173 12
5174 11
5175 7
5176 7
5177 20
5178 20
5179 4
5180 12
5181 16
5182 9
5183 7
5184 0
5185 4
5186 7
5187 12
5188 7
5189 7
5190 7
5191 3
5192 4
5193 1
5194 15
5195 7
5196 4
5197 6
5198 13
5199 1
5200 7
5201 0
5202 4
5203 1
5204 17
5205 1
5206 2
5207 0
5208 9
5209 6
5210 2
5211 17
5212 0
5213 4
5214 7
5215 1
5216 12
5217 10
5218 1
5219 4
5220 0
5221 10
5222 0
5223 0
5224 12
5225 7
5226 4
5227 5
5228 0
5229 4
5230 14
5231 7
5232 16
5233 7
5234 0
5235 4
5236 1
5237 10
5238 4
5239 1
5240 0
5241 10
5242 14
5243 14
5244 6
5245 17
5246 20
5247 13
5248 4
5249 10
5250 16
5251 2
5252 4
5253 6
5254 7
5255 12
5256 14
5257 7
5258 4
5259 1
5260 1
5261 7
5262 2
5263 0
5264 12
5265 0
5266 7
5267 20
5268 0
5269 17
5270 4
5271 20
5272 7
5273 14
5274 4
5275 2
5276 4
5277 2
5278 16
5279 4
5280 16
5281 8
5282 13
5283 2
5284 4
5285 1
5286 0
5287 12
5288 2
5289 7
5290 0
5291 12
5292 17
5293 2
5294 20
5295 17
5296 10
5297 6
5298 9
5299 4
5300 17
5301 5
5302 7
5303 0
5304 1
5305 0
5306 1
5307 0
5308 0
5309 12
5310 4
5311 0
5312 17
5313 17
5314 5
5315 4
5316 17
5317 20
5318 7
5319 7
5320 2
5321 7
5322 4
5323 5
5324 0
5325 14
5326 4
5327 7
5328 13
5329 14
5330 7
5331 3
5332 17
5333 17
5334 3
5335 3
5336 7
5337 9
5338 1
5339 17
5340 3
5341 6
5342 5
5343 2
5344 5
5345 1
5346 5
5347 6
5348 3
5349 0
5350 0
5351 20
5352 7
5353 16
5354 12
5355 16
5356 13
5357 13
5358 3
5359 12
5360 12
5361 4
5362 17
5363 15
5364 12
5365 11
5366 4
5367 12
5368 7
5369 0
5370 17
5371 3
5372 18
5373 7
5374 4
5375 14
5376 4
5377 1
5378 3
5379 12
5380 14
5381 1
5382 4
5383 7
5384 0
5385 7
5386 1
5387 7
5388 0
5389 1
5390 6
5391 0
5392 17
5393 1
5394 4
5395 1
5396 0
5397 10
5398 0
5399 7
5400 0
5401 17
5402 20
5403 1
5404 2
5405 19
5406 12
5407 1
5408 10
5409 7
5410 5
5411 17
5412 0
5413 12
5414 19
5415 17
5416 7
5417 5
5418 2
5419 4
5420 14
5421 19
5422 6
5423 1
5424 1
5425 1
5426 13
5427 17
5428 7
5429 18
5430 4
5431 11
5432 14
5433 13
5434 2
5435 7
5436 7
5437 12
5438 4
5439 0
5440 1
5441 2
5442 19
5443 12
5444 12
5445 1
5446 6
5447 4
5448 7
5449 17
5450 1
5451 12
5452 2
5453 10
5454 4
5455 0
5456 17
5457 0
5458 7
5459 0
5460 12
5461 0
5462 12
5463 12
5464 7
5465 7
5466 1
5467 1
5468 12
5469 4
5470 0
5471 1
5472 7
5473 1
5474 14
5475 12
5476 7
5477 6
5478 17
5479 4
5480 0
5481 17
5482 15
5483 7
5484 17
5485 7
5486 4
5487 12
5488 17
5489 4
5490 7
5491 4
5492 1
5493 19
5494 20
5495 2
5496 2
5497 9
5498 7
5499 4
5500 14
5501 7
5502 20
5503 0
5504 4
5505 1
5506 17
5507 1
5508 10
5509 4
5510 16
5511 0
5512 17
5513 15
5514 1
5515 6
5516 14
5517 0
5518 10
5519 10
5520 2
5521 1
5522 1
5523 6
5524 4
5525 17
5526 17
5527 2
5528 16
5529 15
5530 16
5531 1
5532 12
5533 20
5534 1
5535 7
5536 7
5537 17
5538 15
5539 16
5540 14
5541 4
5542 4
5543 9
5544 15
5545 20
5546 7
5547 3
5548 1
5549 10
5550 6
5551 14
5552 10
5553 1
5554 17
5555 3
5556 1
5557 7
5558 20
5559 17
5560 7
5561 3
5562 4
5563 1
5564 1
5565 9
5566 4
5567 1
5568 0
5569 7
5570 4
5571 1
5572 1
5573 7
5574 7
5575 0
5576 1
5577 15
5578 0
5579 4
5580 20
5581 17
5582 20
5583 0
5584 12
5585 0
5586 1
5587 16
5588 0
5589 20
5590 12
5591 4
5592 4
5593 7
5594 0
5595 1
5596 0
5597 7
5598 15
5599 2
5600 14
5601 4
5602 3
5603 1
5604 1
5605 7
5606 1
5607 0
5608 0
5609 7
5610 1
5611 14
5612 4
5613 4
5614 14
5615 7
5616 15
5617 11
5618 7
5619 1
5620 16
5621 0
5622 4
5623 14
5624 17
5625 12
5626 4
5627 1
5628 14
5629 9
5630 7
5631 10
5632 1
5633 4
5634 17
5635 17
5636 10
5637 1
5638 4
5639 2
5640 4
5641 1
5642 17
5643 4
5644 12
5645 6
5646 0
5647 1
5648 4
5649 6
5650 15
5651 14
5652 0
5653 0
5654 2
5655 15
5656 10
5657 20
5658 4
5659 4
5660 16
5661 7
5662 3
5663 1
5664 4
5665 1
5666 4
5667 1
5668 7
5669 14
5670 20
5671 1
5672 17
5673 2
5674 20
5675 7
5676 0
5677 9
5678 16
5679 17
5680 16
5681 0
5682 4
5683 0
5684 4
5685 14
5686 7
5687 4
5688 12
5689 3
5690 14
5691 0
5692 14
5693 15
5694 14
5695 7
5696 0
5697 1
5698 4
5699 4
5700 17
5701 12
5702 1
5703 4
5704 15
5705 7
5706 1
5707 7
5708 2
5709 4
5710 10
5711 0
5712 14
5713 7
5714 0
5715 11
5716 20
5717 12
5718 15
5719 2
5720 1
5721 4
5722 20
5723 10
5724 0
5725 11
5726 11
5727 4
5728 14
5729 6
5730 1
5731 15
5732 12
5733 7
5734 1
5735 13
5736 12
5737 0
5738 4
5739 4
5740 15
5741 0
5742 0
5743 2
5744 1
5745 0
5746 0
5747 17
5748 1
5749 2
5750 10
5751 10
5752 1
5753 1
5754 12
5755 20
5756 6
5757 1
5758 12
5759 11
5760 14
5761 2
5762 7
5763 14
5764 0
5765 7
5766 7
5767 6
5768 4
5769 11
5770 12
5771 0
5772 12
5773 5
5774 17
5775 2
5776 0
5777 1
5778 10
5779 7
5780 6
5781 20
5782 0
5783 17
5784 0
5785 4
5786 17
5787 2
5788 17
5789 1
5790 7
5791 7
5792 0
5793 5
5794 18
5795 16
5796 0
5797 10
5798 7
5799 0
5800 1
5801 7
5802 7
5803 7
5804 16
5805 4
5806 7
5807 7
5808 0
5809 20
5810 0
5811 17
5812 4
5813 6
5814 0
5815 15
5816 4
5817 12
5818 12
5819 4
5820 4
5821 2
5822 17
5823 4
5824 4
5825 1
5826 0
5827 0
5828 16
5829 0
5830 0
5831 7
5832 7
5833 1
5834 0
5835 7
5836 4
5837 1
5838 10
5839 3
5840 16
5841 4
5842 20
5843 17
5844 20
5845 1
5846 19
5847 7
5848 7
5849 7
5850 2
5851 4
5852 7
5853 4
5854 1
5855 9
5856 14
5857 1
5858 17
5859 6
5860 3
5861 14
5862 7
5863 14
5864 4
5865 17
5866 12
5867 4
5868 4
5869 7
5870 12
5871 0
5872 7
5873 1
5874 17
5875 7
5876 0
5877 4
5878 1
5879 20
5880 20
5881 20
5882 20
5883 20
5884 4
5885 2
5886 7
5887 0
5888 1
5889 0
5890 20
5891 0
5892 17
5893 7
5894 7
5895 16
5896 11
5897 12
5898 20
5899 4
5900 2
5901 4
5902 20
5903 20
5904 17
5905 1
5906 0
5907 2
5908 4
5909 20
5910 1
5911 12
5912 0
5913 1
5914 6
5915 3
5916 7
5917 0
5918 0
5919 7
5920 14
5921 1
5922 0
5923 17
5924 7
5925 14
5926 2
5927 14
5928 0
5929 4
5930 12
5931 1
5932 15
5933 12
5934 0
5935 1
5936 1
5937 10
5938 2
5939 1
5940 16
5941 13
5942 17
5943 4
5944 4
5945 1
5946 10
5947 11
5948 7
5949 4
5950 20
5951 14
5952 4
5953 0
5954 0
5955 7
5956 15
5957 5
5958 17
5959 9
5960 16
5961 7
5962 13
5963 11
5964 7
5965 20
5966 10
5967 1
5968 14
5969 1
5970 1
5971 1
5972 1
5973 1
5974 7
5975 1
5976 3
5977 1
5978 4
5979 1
5980 16
5981 15
5982 10
5983 20
5984 20
5985 4
5986 20
5987 1
5988 1
5989 0
5990 7
5991 4
5992 1
5993 17
5994 7
5995 0
5996 17
5997 15
5998 5
5999 0
6000 17
6001 4
6002 12
6003 0
6004 15
6005 15
6006 20
6007 1
6008 9
6009 1
6010 7
6011 1
6012 0
6013 16
6014 12
6015 17
6016 0
6017 12
6018 1
6019 6
6020 4
6021 4
6022 1
6023 17
6024 0
6025 7
6026 13
6027 14
6028 1
6029 15
6030 1
6031 1
6032 0
6033 6
